temps		x		y		z
0.000000	1.000000	2.000000	3.000000
0.010000	1.100000	2.230000	2.940200
0.020000	1.213000	2.483358	2.886521
0.030000	1.340036	2.763151	2.839862
0.040000	1.482347	3.072674	2.801349
0.050000	1.641380	3.415479	2.772381
0.060000	1.818790	3.795405	2.754697
0.070000	2.016451	4.216610	2.750452
0.080000	2.236467	4.683589	2.762316
0.090000	2.481179	5.201185	2.793585
0.100000	2.753180	5.774590	2.848327
0.110000	3.055321	6.409315	2.931546
0.120000	3.390720	7.111144	3.049392
0.130000	3.762763	7.886037	3.209397
0.140000	4.175090	8.739989	3.420760
0.150000	4.631580	9.678794	3.694670
0.160000	5.136301	10.707727	4.044673
0.170000	5.693444	11.831068	4.487066
0.180000	6.307206	13.051453	5.041305
0.190000	6.981631	14.368990	5.730389
0.200000	7.720367	15.780082	6.581150
0.210000	8.526338	17.275895	7.624372
0.220000	9.401294	18.840432	8.894565
0.230000	10.345208	20.448185	10.429214
0.240000	11.355506	22.061438	12.267204
0.250000	12.426099	23.627362	14.446084
0.260000	13.546225	25.075311	16.997778
0.270000	14.699134	26.314944	19.942395
0.280000	15.860715	27.236193	23.279996
0.290000	16.998263	27.712457	26.980603
0.300000	18.069682	27.608612	30.973555
0.310000	19.023575	26.795214	35.138447
0.320000	19.800739	25.169274	39.301172
0.330000	20.337593	22.679866	43.239463
0.340000	20.571820	19.353727	46.701832
0.350000	20.450011	15.312883	49.440978
0.360000	19.936298	10.775072	51.257334
0.370000	19.020175	6.030670	52.042039
0.380000	17.721225	1.397525	51.804765
0.390000	16.088855	-2.834946	50.674416
0.400000	14.196475	-6.454650	48.870367
0.410000	12.131362	-9.352960	46.654082
0.420000	9.982930	-11.522425	44.278442
0.430000	7.832394	-13.032266	41.950360
0.440000	5.745928	-13.994591	39.813742
0.450000	3.771876	-14.533454	37.950577
0.460000	1.941343	-14.763443	36.392908
0.470000	0.270865	-14.778744	35.138247
0.480000	-1.234096	-14.650291	34.163540
0.490000	-2.575716	-14.427724	33.435588
0.500000	-3.760916	-14.143442	32.917819
0.510000	-4.799169	-13.817052	32.574128
0.520000	-5.700957	-13.459362	32.370760
0.530000	-6.476798	-13.075593	32.277010
0.540000	-7.136677	-12.667824	32.265321
0.550000	-7.689792	-12.236743	32.311125
0.560000	-8.144487	-11.782859	32.392629
0.570000	-8.508324	-11.307274	32.490639
0.580000	-8.788219	-10.812123	32.588447
0.590000	-8.990609	-10.300759	32.671788
0.600000	-9.121624	-9.777729	32.728819
0.610000	-9.187235	-9.248606	32.750120
0.620000	-9.193372	-8.719716	32.728658
0.630000	-9.146006	-8.197795	32.659712
0.640000	-9.051185	-7.689640	32.540734
0.650000	-8.915031	-7.201753	32.371154
0.660000	-8.743703	-6.740046	32.152120
0.670000	-8.543337	-6.309596	31.886203
0.680000	-8.319963	-5.914489	31.577080
0.690000	-8.079416	-5.557732	31.229213
0.700000	-7.827247	-5.241253	30.847549
0.710000	-7.568648	-4.965956	30.437250
0.720000	-7.308379	-4.731830	30.003475
0.730000	-7.050724	-4.538090	29.551202
0.740000	-6.799461	-4.383338	29.085108
0.750000	-6.557848	-4.265723	28.609488
0.760000	-6.328636	-4.183097	28.128215
0.770000	-6.114082	-4.133151	27.644738
0.780000	-5.915989	-4.113541	27.162092
0.790000	-5.735744	-4.121976	26.682937
0.800000	-5.574367	-4.156300	26.209597
0.810000	-5.432560	-4.214540	25.744109
0.820000	-5.310758	-4.294948	25.288273
0.830000	-5.209177	-4.396011	24.843699
0.840000	-5.127861	-4.516469	24.411853
0.850000	-5.066722	-4.655299	23.994096
0.860000	-5.025579	-4.811714	23.591724
0.870000	-5.004193	-4.985138	23.206001
0.880000	-5.002287	-5.175188	22.838187
0.890000	-5.019577	-5.381645	22.489569
0.900000	-5.055784	-5.604429	22.161482
0.910000	-5.110649	-5.843567	21.855335
0.920000	-5.183940	-6.099164	21.572627
0.930000	-5.275463	-6.371363	21.314972
0.940000	-5.385053	-6.660316	21.084113
0.950000	-5.512579	-6.966137	20.881937
0.960000	-5.657935	-7.288864	20.710491
0.970000	-5.821028	-7.628412	20.571991
0.980000	-6.001766	-7.984514	20.468828
0.990000	-6.200041	-8.356672	20.403569
1.000000	-6.415704	-8.744087	20.378951
1.010000	-6.648542	-9.145590	20.397866
1.020000	-6.898247	-9.559565	20.463331
1.030000	-7.164379	-9.983868	20.578449
1.040000	-7.446328	-10.415737	20.746345
1.050000	-7.743269	-10.851711	20.970082
1.060000	-8.054113	-11.287539	21.252555
1.070000	-8.377456	-11.718111	21.596348
1.080000	-8.711521	-12.137393	22.003565
1.090000	-9.054108	-12.538399	22.475621
1.100000	-9.402537	-12.913199	23.013010
1.110000	-9.753604	-13.252970	23.615032
1.120000	-10.103540	-13.548133	24.279515
1.130000	-10.447999	-13.788552	25.002521
1.140000	-10.782055	-13.963843	25.778081
1.150000	-11.100234	-14.063774	26.597974
1.160000	-11.396588	-14.078764	27.451579
1.170000	-11.664805	-14.000478	28.325866
1.180000	-11.898372	-13.822461	29.205526
1.190000	-12.090781	-13.540799	30.073307
1.200000	-12.235783	-13.154712	30.910546
1.210000	-12.327676	-12.667036	31.697907
1.220000	-12.361612	-12.084500	32.416294
1.230000	-12.333901	-11.417730	33.047860
1.240000	-12.242284	-10.680955	33.577038
1.250000	-12.086151	-9.891388	33.991481
1.260000	-11.866675	-9.068335	34.282796
1.270000	-11.586841	-8.232093	34.446984
1.280000	-11.251366	-7.402770	34.484533
1.290000	-10.866506	-6.599144	34.400157
1.300000	-10.439770	-5.837679	34.202210
1.310000	-9.979561	-5.131806	33.901871
1.320000	-9.494785	-4.491507	33.512213
1.330000	-8.994457	-3.923219	33.047247
1.340000	-8.487334	-3.430014	32.521062
1.350000	-7.981602	-3.011996	31.947119
1.360000	-7.484641	-2.666833	31.337731
1.370000	-7.002860	-2.390348	30.703750
1.380000	-6.541609	-2.177104	30.054423
1.390000	-6.105159	-2.020941	29.397393
1.400000	-5.696737	-1.915418	28.738804
1.410000	-5.318605	-1.854176	28.083468
1.420000	-4.972162	-1.831195	27.435064
1.430000	-4.658065	-1.840973	26.796342
1.440000	-4.376356	-1.878630	26.169313
1.450000	-4.126584	-1.939961	25.555425
1.460000	-3.907921	-2.021439	24.955704
1.470000	-3.719273	-2.120194	24.370879
1.480000	-3.559365	-2.233969	23.801469
1.490000	-3.426826	-2.361070	23.247865
1.500000	-3.320250	-2.500307	22.710382
1.510000	-3.238256	-2.650932	22.189302
1.520000	-3.179523	-2.812588	21.684911
1.530000	-3.142830	-2.985252	21.197519
1.540000	-3.127072	-3.169190	20.727486
1.550000	-3.131284	-3.364915	20.275238
1.560000	-3.154647	-3.573150	19.841282
1.570000	-3.196497	-3.794797	19.426224
1.580000	-3.256327	-4.030909	19.030787
1.590000	-3.333785	-4.282667	18.655828
1.600000	-3.428673	-4.551355	18.302357
1.610000	-3.540942	-4.838342	17.971566
1.620000	-3.670682	-5.145060	17.664845
1.630000	-3.818119	-5.472980	17.383819
1.640000	-3.983606	-5.823588	17.130374
1.650000	-4.167604	-6.198356	16.906695
1.660000	-4.370679	-6.598697	16.715300
1.670000	-4.593481	-7.025928	16.559081
1.680000	-4.836726	-7.481205	16.441344
1.690000	-5.101173	-7.965454	16.365850
1.700000	-5.387601	-8.479277	16.336850
1.710000	-5.696769	-9.022849	16.359119
1.720000	-6.029377	-9.595774	16.437977
1.730000	-6.386017	-10.196934	16.579293
1.740000	-6.767108	-10.824293	16.789461
1.750000	-7.172827	-11.474680	17.075353
1.760000	-7.603012	-12.143539	17.444208
1.770000	-8.057065	-12.824662	17.903467
1.780000	-8.533825	-13.509899	18.460526
1.790000	-9.031432	-14.188882	19.122387
1.800000	-9.547177	-14.848769	19.895191
1.810000	-10.077336	-15.474062	20.783617
1.820000	-10.617009	-16.046540	21.790146
1.830000	-11.159962	-16.545376	22.914191
1.840000	-11.698503	-16.947496	24.151131
1.850000	-12.223403	-17.228282	25.491314
1.860000	-12.723891	-17.362646	26.919127
1.870000	-13.187766	-17.326548	28.412283
1.880000	-13.601644	-17.098912	29.941501
1.890000	-13.951371	-16.663847	31.470790
1.900000	-14.222619	-16.012985	32.958502
1.910000	-14.401655	-15.147627	34.359272
1.920000	-14.476252	-14.080310	35.626824
1.930000	-14.436658	-12.835429	36.717452
1.940000	-14.276535	-11.448566	37.593774
1.950000	-13.993738	-9.964421	38.228239
1.960000	-13.590807	-8.433464	38.605762
1.970000	-13.075072	-6.907721	38.725025
1.980000	-12.458337	-5.436339	38.598129
1.990000	-11.756137	-4.061625	38.248696
2.000000	-10.986686	-2.816158	37.708771
2.010000	-10.169633	-1.721324	37.015120
2.020000	-9.324802	-0.787306	36.205570
2.030000	-8.471053	-0.014280	35.315917
2.040000	-7.625376	0.605598	34.377723
2.050000	-6.802278	1.085867	33.417097
2.060000	-6.013464	1.443495	32.454338
2.070000	-5.267768	1.696920	31.504249
2.080000	-4.571299	1.864546	30.576846
2.090000	-3.927715	1.963696	29.678268
2.100000	-3.338573	2.009977	28.811697
2.110000	-2.803718	2.016976	27.978202
2.120000	-2.321649	1.996195	27.177431
2.130000	-1.889865	1.957136	26.408167
2.140000	-1.505165	1.907481	25.668723
2.150000	-1.163900	1.853317	24.957224
2.160000	-0.862178	1.799369	24.271791
2.170000	-0.596024	1.749231	23.610647
2.180000	-0.361498	1.705577	22.972178
2.190000	-0.154791	1.670346	22.354953
2.200000	0.027723	1.644905	21.757726
2.210000	0.189441	1.630186	21.179426
2.220000	0.333516	1.626805	20.619142
2.230000	0.462845	1.635154	20.076098
2.240000	0.580076	1.655477	19.549642
2.250000	0.687616	1.687941	19.039225
2.260000	0.787648	1.732677	18.544388
2.270000	0.882151	1.789828	18.064754
2.280000	0.972919	1.859573	17.600021
2.290000	1.061584	1.942161	17.149953
2.300000	1.149642	2.037922	16.714382
2.310000	1.238470	2.147287	16.293208
2.320000	1.329352	2.270799	15.886402
2.330000	1.423496	2.409123	15.494011
2.340000	1.522059	2.563054	15.116164
2.350000	1.626159	2.733523	14.753085
2.360000	1.736895	2.921604	14.405104
2.370000	1.855366	3.128517	14.072674
2.380000	1.982681	3.355635	13.756386
2.390000	2.119976	3.604484	13.456998
2.400000	2.268427	3.876747	13.175456
2.410000	2.429259	4.174264	12.912930
2.420000	2.603760	4.499025	12.670850
2.430000	2.793286	4.853169	12.450949
2.440000	2.999274	5.238967	12.255316
2.450000	3.223244	5.658803	12.086456
2.460000	3.466800	6.115148	11.947353
2.470000	3.731634	6.610509	11.841554
2.480000	4.019522	7.147378	11.773248
2.490000	4.332307	7.728142	11.747370
2.500000	4.671891	8.354975	11.769697
2.510000	5.040199	9.029687	11.846958
2.520000	5.439148	9.753536	11.986944
2.530000	5.870587	10.526974	12.198600
2.540000	6.336226	11.349339	12.492113
2.550000	6.837537	12.218461	12.878942
2.560000	7.375629	13.130184	13.371804
2.570000	7.951085	14.077804	13.984548
2.580000	8.563757	15.051406	14.731897
2.590000	9.212522	16.037140	15.628994
2.600000	9.894983	17.016450	16.690688
2.610000	10.607130	17.965340	17.930491
2.620000	11.342951	18.853773	19.359147
2.630000	12.094033	19.645363	20.982767
2.640000	12.849166	20.297576	22.800543
2.650000	13.594007	20.762687	24.802117
2.660000	14.310875	20.989780	26.964862
2.670000	14.978766	20.928020	29.251418
2.680000	15.573691	20.531293	31.608090
2.690000	16.069451	19.764067	33.964795
2.700000	16.438913	18.607917	36.237308
2.710000	16.655813	17.067714	38.332335
2.720000	16.697003	15.176102	40.155461
2.730000	16.544913	12.994743	41.621280
2.740000	16.189896	10.611167	42.664123
2.750000	15.632023	8.130949	43.247194
2.760000	14.881916	5.666194	43.367851
2.770000	13.960344	3.322502	43.057504
2.780000	12.896559	1.187197	42.376007
2.790000	11.725623	-0.678685	41.401913
2.800000	10.485192	-2.243356	40.221042
2.810000	9.212338	-3.502322	38.915942
2.820000	7.940872	-4.472912	37.558133
2.830000	6.699493	-5.187182	36.203898
2.840000	5.510826	-5.684930	34.893359
2.850000	4.391250	-6.007962	33.651909
2.860000	3.351329	-6.196072	32.492944
2.870000	2.396589	-6.284684	31.420981
2.880000	1.528462	-6.303824	30.434565
2.890000	0.745233	-6.277997	29.528654
2.900000	0.042910	-6.226609	28.696406
2.910000	-0.584042	-6.164642	27.930410
2.920000	-1.142102	-6.103402	27.223465
2.930000	-1.638232	-6.051237	26.569028
2.940000	-2.079533	-6.014167	25.961425
2.950000	-2.472996	-5.996418	25.395918
2.960000	-2.825338	-6.000853	24.868677
2.970000	-3.142890	-6.029315	24.376715
2.980000	-3.431532	-6.082898	23.917789
2.990000	-3.696669	-6.162151	23.490313
3.000000	-3.943217	-6.267238	23.093265
3.010000	-4.175619	-6.398049	22.726115
3.020000	-4.397862	-6.554286	22.388758
3.030000	-4.613504	-6.735517	22.081465
3.040000	-4.825706	-6.941214	21.804842
3.050000	-5.037257	-7.170762	21.559796
3.060000	-5.250607	-7.423464	21.347515
3.070000	-5.467893	-7.698525	21.169448
3.080000	-5.690956	-7.995027	21.027288
3.090000	-5.921363	-8.311891	20.922955
3.100000	-6.160416	-8.647830	20.858582
3.110000	-6.409157	-9.001292	20.836486
3.120000	-6.668371	-9.370400	20.859142
3.130000	-6.938574	-9.752875	20.929142
3.140000	-7.220004	-10.145963	21.049137
3.150000	-7.512600	-10.546356	21.221769
3.160000	-7.815975	-10.950114	21.449576
3.170000	-8.129389	-11.352592	21.734875
3.180000	-8.451710	-11.748383	22.079624
3.190000	-8.781377	-12.131272	22.485245
3.200000	-9.116366	-12.494231	22.952430
3.210000	-9.454153	-12.829443	23.480916
3.220000	-9.791682	-13.128390	24.069238
3.230000	-10.125353	-13.381994	24.714487
3.240000	-10.451017	-13.580844	25.412056
3.250000	-10.763999	-13.715502	26.155431
3.260000	-11.059150	-13.776896	26.936033
3.270000	-11.330924	-13.756793	27.743142
3.280000	-11.573511	-13.648329	28.563946
3.290000	-11.780993	-13.446577	29.383736
3.300000	-11.947551	-13.149094	30.186269
3.310000	-12.067706	-12.756397	30.954309
3.320000	-12.136575	-12.272316	31.670329
3.330000	-12.150149	-11.704140	32.317337
3.340000	-12.105548	-11.062536	32.879766
3.350000	-12.001247	-10.361188	33.344345
3.360000	-11.837241	-9.616188	33.700857
3.370000	-11.615136	-8.845202	33.942706
3.380000	-11.338142	-8.066497	34.067212
3.390000	-11.010978	-7.297923	34.075615
3.400000	-10.639672	-6.555959	33.972777
3.410000	-10.231301	-5.854915	33.766633
3.420000	-9.793662	-5.206365	33.467475
3.430000	-9.334933	-4.618835	33.087134
3.440000	-8.863323	-4.097766	32.638181
3.450000	-8.386767	-3.645691	32.133204
3.460000	-7.912660	-3.262592	31.584216
3.470000	-7.447653	-2.946360	31.002234
3.480000	-6.997524	-2.693300	30.397009
3.490000	-6.567101	-2.498636	29.776913
3.500000	-6.160255	-2.356958	29.148935
3.510000	-5.779925	-2.262611	28.518768
3.520000	-5.428194	-2.210000	27.890946
3.530000	-5.106374	-2.193820	27.269010
3.540000	-4.815119	-2.209209	26.655679
3.550000	-4.554528	-2.251847	26.053014
3.560000	-4.324260	-2.318005	25.462565
3.570000	-4.123634	-2.404550	24.885497
3.580000	-3.951726	-2.508935	24.322698
3.590000	-3.807447	-2.629163	23.774860
3.600000	-3.689618	-2.763741	23.242553
3.610000	-3.597031	-2.911636	22.726272
3.620000	-3.528491	-3.072217	22.226486
3.630000	-3.482864	-3.245213	21.743664
3.640000	-3.459099	-3.430660	21.278309
3.650000	-3.456255	-3.628863	20.830976
3.660000	-3.473516	-3.840354	20.402295
3.670000	-3.510200	-4.065858	19.992989
3.680000	-3.565765	-4.306262	19.603895
3.690000	-3.639815	-4.562585	19.235983
3.700000	-3.732092	-4.835953	18.890376
3.710000	-3.842478	-5.127573	18.568374
3.720000	-3.970988	-5.438705	18.271481
3.730000	-4.117759	-5.770636	18.001430
3.740000	-4.283047	-6.124647	17.760213
3.750000	-4.467207	-6.501976	17.550113
3.760000	-4.670684	-6.903774	17.373736
3.770000	-4.893993	-7.331055	17.234048
3.780000	-5.137699	-7.784630	17.134404
3.790000	-5.402392	-8.265025	17.078580
3.800000	-5.688656	-8.772393	17.070799
3.810000	-5.997029	-9.306393	17.115746
3.820000	-6.327966	-9.866061	17.218575
3.830000	-6.681775	-10.449646	17.384882
3.840000	-7.058562	-11.054428	17.620666
3.850000	-7.458149	-11.676515	17.932240
3.860000	-7.879985	-12.310618	18.326094
3.870000	-8.323049	-12.949815	18.808695
3.880000	-8.785725	-13.585313	19.386203
3.890000	-9.265684	-14.206245	20.064098
3.900000	-9.759740	-14.799498	20.846699
3.910000	-10.263716	-15.349647	21.736569
3.920000	-10.772309	-15.839011	22.733821
3.930000	-11.278979	-16.247910	23.835328
3.940000	-11.775872	-16.555163	25.033907
3.950000	-12.253801	-16.738895	26.317520
3.960000	-12.702311	-16.777674	27.668625
3.970000	-13.109847	-16.651989	29.063792
3.980000	-13.464061	-16.346008	30.473745
3.990000	-13.752256	-15.849481	31.863980
4.000000	-13.961978	-15.159602	33.196059
4.010000	-14.081741	-14.282533	34.429625
4.020000	-14.101820	-13.234305	35.525026
4.030000	-14.015069	-12.040796	36.446338
4.040000	-13.817641	-10.736628	37.164391
4.050000	-13.509540	-9.362959	37.659367
4.060000	-13.094882	-7.964394	37.922521
4.070000	-12.581833	-6.585407	37.956710
4.080000	-11.982191	-5.266817	37.775626
4.090000	-11.310653	-4.042814	37.401875
4.100000	-10.583869	-2.938973	36.864253
4.110000	-9.819380	-1.971402	36.194721
4.120000	-9.034582	-1.147017	35.425521
4.130000	-8.245825	-0.464682	34.586831
4.140000	-7.467711	0.083103	33.705138
4.150000	-6.712630	0.508315	32.802375
4.160000	-5.990535	0.825598	31.895711
4.170000	-5.308922	1.050716	30.997827
4.180000	-4.672958	1.199361	30.117503
4.190000	-4.085726	1.286317	29.260332
4.200000	-3.548522	1.324948	28.429452
4.210000	-3.061175	1.326938	27.626212
4.220000	-2.622364	1.302226	26.850735
4.230000	-2.229905	1.259066	26.102356
4.240000	-1.881008	1.204159	25.379958
4.250000	-1.572491	1.142835	24.682201
4.260000	-1.300958	1.079234	24.007683
4.270000	-1.062939	1.016503	23.355038
4.280000	-0.854995	0.956965	22.722989
4.290000	-0.673799	0.902278	22.110376
4.300000	-0.516191	0.853571	21.516160
4.310000	-0.379215	0.811566	20.939424
4.320000	-0.260137	0.776675	20.379358
4.330000	-0.156456	0.749085	19.835247
4.340000	-0.065902	0.728819	19.306457
4.350000	0.013570	0.715802	18.792425
4.360000	0.083794	0.709894	18.292644
4.370000	0.146404	0.710929	17.806654
4.380000	0.202856	0.718743	17.334038
4.390000	0.254445	0.733192	16.874411
4.400000	0.302320	0.754169	16.427417
4.410000	0.347504	0.781613	15.992728
4.420000	0.390915	0.815523	15.570037
4.430000	0.433376	0.855958	15.159062
4.440000	0.475634	0.903048	14.759541
4.450000	0.518376	0.956994	14.371232
4.460000	0.562237	1.018072	13.993918
4.470000	0.607821	1.086639	13.627404
4.480000	0.655703	1.163132	13.271520
4.490000	0.706446	1.248076	12.926124
4.500000	0.760609	1.342084	12.591106
4.510000	0.818756	1.445864	12.266391
4.520000	0.881467	1.560225	11.951943
4.530000	0.949343	1.686082	11.647774
4.540000	1.023017	1.824459	11.353950
4.550000	1.103161	1.976507	11.070599
4.560000	1.190496	2.143500	10.797926
4.570000	1.285796	2.326855	10.536219
4.580000	1.389902	2.528135	10.285874
4.590000	1.503725	2.749063	10.047409
4.600000	1.628259	2.991530	9.821486
4.610000	1.764586	3.257608	9.608944
4.620000	1.913888	3.549558	9.410830
4.630000	2.077455	3.869838	9.228436
4.640000	2.256693	4.221111	9.063354
4.650000	2.453135	4.606241	8.917526
4.660000	2.668446	5.028298	8.793317
4.670000	2.904431	5.490535	8.693592
4.680000	3.163041	5.996371	8.621812
4.690000	3.446374	6.549347	8.582139
4.700000	3.756672	7.153066	8.579569
4.710000	4.096311	7.811097	8.620070
4.720000	4.467790	8.526848	8.710743
4.730000	4.873696	9.303383	8.859999
4.740000	5.316664	10.143175	9.077741
4.750000	5.799315	11.047776	9.375552
4.760000	6.324161	12.017389	9.766858
4.770000	6.893484	13.050308	10.267058
4.780000	7.509167	14.142223	10.893576
4.790000	8.172472	15.285350	11.665769
4.800000	8.883760	16.467407	12.604651
4.810000	9.642125	17.670419	13.732292
4.820000	10.444954	18.869425	15.070817
4.830000	11.287401	20.031178	16.640836
4.840000	12.161779	21.113021	18.459189
4.850000	13.056903	22.062223	20.535894
4.860000	13.957435	22.816182	22.870282
4.870000	14.843310	23.303997	25.446486
4.880000	15.689378	23.449983	28.228694
4.890000	16.465439	23.179602	31.156967
4.900000	17.136855	22.427998	34.144815
4.910000	17.665969	21.150690	37.080017
4.920000	18.014441	19.335110	39.830163
4.930000	18.146508	17.010621	42.253792
4.940000	18.032920	14.253949	44.216675
4.950000	17.655023	11.187070	45.610915
4.960000	17.008227	7.965988	46.372744
4.970000	16.104003	4.761450	46.494103
4.980000	14.969748	1.735545	46.024143
4.990000	13.646328	-0.979980	45.059708
5.000000	12.183697	-3.298204	43.727388
5.010000	10.635507	-5.181399	42.162397
5.020000	9.053816	-6.635828	40.489809
5.030000	7.484852	-7.700274	38.811984
5.040000	5.966339	-8.432532	37.203232
5.050000	4.526452	-8.897303	35.710512
5.060000	3.184077	-9.157342	34.357880
5.070000	1.949935	-9.268209	33.152384
5.080000	0.828121	-9.275995	32.089807
5.090000	-0.182291	-9.217103	31.159401
5.100000	-1.085772	-9.119173	30.347363
5.110000	-1.889112	-9.002494	29.639137
5.120000	-2.600450	-8.881504	29.020803
5.130000	-3.228556	-8.766144	28.479809
5.140000	-3.782315	-8.662991	28.005266
5.150000	-4.270382	-8.576162	27.587987
5.160000	-4.700960	-8.507995	27.220382
5.170000	-5.081664	-8.459565	26.896277
5.180000	-5.419454	-8.431057	26.610723
5.190000	-5.720614	-8.422037	26.359795
5.200000	-5.990756	-8.431647	26.140416
5.210000	-6.234845	-8.458733	25.950201
5.220000	-6.457234	-8.501948	25.787314
5.230000	-6.661706	-8.559807	25.650362
5.240000	-6.851516	-8.630735	25.538292
5.250000	-7.029438	-8.713091	25.450309
5.260000	-7.197803	-8.805189	25.385812
5.270000	-7.358542	-8.905302	25.344330
5.280000	-7.513218	-9.011667	25.325471
5.290000	-7.663063	-9.122494	25.328880
5.300000	-7.809006	-9.235958	25.354194
5.310000	-7.951701	-9.350210	25.401009
5.320000	-8.091552	-9.463372	25.468843
5.330000	-8.228734	-9.573548	25.557105
5.340000	-8.363215	-9.678832	25.665068
5.350000	-8.494777	-9.777319	25.791839
5.360000	-8.623031	-9.867124	25.936337
5.370000	-8.747440	-9.946403	26.097276
5.380000	-8.867337	-10.013379	26.273144
5.390000	-8.981941	-10.066371	26.462198
5.400000	-9.090384	-10.103832	26.662459
5.410000	-9.191729	-10.124381	26.871715
5.420000	-9.284994	-10.126846	27.087533
5.430000	-9.369179	-10.110300	27.307282
5.440000	-9.443291	-10.074099	27.528160
5.450000	-9.506372	-10.017915	27.747238
5.460000	-9.557526	-9.941765	27.961502
5.470000	-9.595950	-9.846027	28.167912
5.480000	-9.620958	-9.731454	28.363466
5.490000	-9.632007	-9.599170	28.545257
5.500000	-9.628724	-9.450659	28.710546
5.510000	-9.610917	-9.287736	28.856823
5.520000	-9.578599	-9.112510	28.981868
5.530000	-9.531990	-8.927336	29.083801
5.540000	-9.471525	-8.734755	29.161125
5.550000	-9.397848	-8.537431	29.212753
5.560000	-9.311806	-8.338084	29.238029
5.570000	-9.214434	-8.139420	29.236724
5.580000	-9.106933	-7.944069	29.209028
5.590000	-8.990646	-7.754523	29.155529
5.600000	-8.867034	-7.573088	29.077174
5.610000	-8.737639	-7.401844	28.975229
5.620000	-8.604060	-7.242613	28.851235
5.630000	-8.467915	-7.096947	28.706951
5.640000	-8.330818	-6.966113	28.544309
5.650000	-8.194348	-6.851107	28.365365
5.660000	-8.060024	-6.752656	28.172249
5.670000	-7.929287	-6.671246	27.967133
5.680000	-7.803483	-6.607140	27.752190
5.690000	-7.683849	-6.560406	27.529569
5.700000	-7.571504	-6.530950	27.301374
5.710000	-7.467449	-6.518537	27.069648
5.720000	-7.372558	-6.522825	26.836364
5.730000	-7.287584	-6.543386	26.603416
5.740000	-7.213165	-6.579730	26.372620
5.750000	-7.149821	-6.631318	26.145715
5.760000	-7.097971	-6.697583	25.924366
5.770000	-7.057932	-6.777935	25.710171
5.780000	-7.029932	-6.871770	25.504662
5.790000	-7.014116	-6.978473	25.309319
5.800000	-7.010552	-7.097416	25.125569
5.810000	-7.019238	-7.227955	24.954797
5.820000	-7.040110	-7.369426	24.798347
5.830000	-7.073041	-7.521131	24.657526
5.840000	-7.117850	-7.682334	24.533609
5.850000	-7.174299	-7.852244	24.427832
5.860000	-7.242093	-8.029999	24.341395
5.870000	-7.320884	-8.214659	24.275454
5.880000	-7.410261	-8.405182	24.231113
5.890000	-7.509753	-8.600414	24.209411
5.900000	-7.618820	-8.799074	24.211311
5.910000	-7.736845	-8.999737	24.237675
5.920000	-7.863134	-9.200825	24.289249
5.930000	-7.996903	-9.400598	24.366628
5.940000	-8.137273	-9.597149	24.470232
5.950000	-8.283260	-9.788404	24.600270
5.960000	-8.433775	-9.972129	24.756702
5.970000	-8.587610	-10.145940	24.939201
5.980000	-8.743443	-10.307330	25.147112
5.990000	-8.899832	-10.453697	25.379414
6.000000	-9.055218	-10.582388	25.634683
6.010000	-9.207935	-10.690749	25.911059
6.020000	-9.356217	-10.776190	26.206222
6.030000	-9.498214	-10.836258	26.517380
6.040000	-9.632018	-10.868717	26.841269
6.050000	-9.755688	-10.871639	27.174168
6.060000	-9.867283	-10.843489	27.511938
6.070000	-9.964904	-10.783212	27.850079
6.080000	-10.046735	-10.690319	28.183803
6.090000	-10.111093	-10.564950	28.508142
6.100000	-10.156479	-10.407922	28.818058
6.110000	-10.181623	-10.220757	29.108576
6.120000	-10.185537	-10.005678	29.374926
6.130000	-10.167551	-9.765578	29.612685
6.140000	-10.127353	-9.503951	29.817908
6.150000	-10.065013	-9.224806	29.987250
6.160000	-9.980992	-8.932541	30.118067
6.170000	-9.876147	-8.631811	30.208483
6.180000	-9.751714	-8.327380	30.257428
6.190000	-9.609280	-8.023968	30.264643
6.200000	-9.450749	-7.726113	30.230649
6.210000	-9.278286	-7.438039	30.156689
6.220000	-9.094261	-7.163555	30.044644
6.230000	-8.901190	-6.905974	29.896928
6.240000	-8.701669	-6.668065	29.716384
6.250000	-8.498308	-6.452030	29.506161
6.260000	-8.293680	-6.259512	29.269611
6.270000	-8.090264	-6.091619	29.010183
6.280000	-7.890399	-5.948977	28.731340
6.290000	-7.696257	-5.831781	28.436484
6.300000	-7.509809	-5.739870	28.128903
6.310000	-7.332815	-5.672791	27.811727
6.320000	-7.166813	-5.629869	27.487911
6.330000	-7.013119	-5.610271	27.160214
6.340000	-6.872834	-5.613063	26.831208
6.350000	-6.746857	-5.637262	26.503274
6.360000	-6.635897	-5.681871	26.178625
6.370000	-6.540495	-5.745917	25.859317
6.380000	-6.461037	-5.828469	25.547270
6.390000	-6.397780	-5.928656	25.244292
6.400000	-6.350868	-6.045674	24.952097
6.410000	-6.320348	-6.178785	24.672324
6.420000	-6.306192	-6.327318	24.406560
6.430000	-6.308305	-6.490654	24.156359
6.440000	-6.326540	-6.668216	23.923250
6.450000	-6.360707	-6.859451	23.708759
6.460000	-6.410582	-7.063810	23.514415
6.470000	-6.475905	-7.280724	23.341763
6.480000	-6.556387	-7.509580	23.192365
6.490000	-6.651706	-7.749691	23.067805
6.500000	-6.761504	-8.000269	22.969688
6.510000	-6.885381	-8.260391	22.899633
6.520000	-7.022882	-8.528967	22.859262
6.530000	-7.173490	-8.804705	22.850185
6.540000	-7.336612	-9.086080	22.873975
6.550000	-7.511559	-9.371296	22.932138
6.560000	-7.697532	-9.658258	23.026073
6.570000	-7.893605	-9.944545	23.157027
6.580000	-8.098699	-10.227385	23.326033
6.590000	-8.311568	-10.503641	23.533846
6.600000	-8.530775	-10.769812	23.780863
6.610000	-8.754679	-11.022039	24.067041
6.620000	-8.981415	-11.256137	24.391801
6.630000	-9.208887	-11.467643	24.753940
6.640000	-9.434763	-11.651892	25.151527
6.650000	-9.656476	-11.804120	25.581825
6.660000	-9.871240	-11.919589	26.041211
6.670000	-10.076075	-11.993750	26.525126
6.680000	-10.267843	-12.022422	27.028057
6.690000	-10.443300	-12.001996	27.543554
6.700000	-10.599170	-11.929644	28.064300
6.710000	-10.732217	-11.803532	28.582232
6.720000	-10.839349	-11.623010	29.088726
6.730000	-10.917715	-11.388770	29.574824
6.740000	-10.964820	-11.102947	30.031527
6.750000	-10.978633	-10.769164	30.450107
6.760000	-10.957686	-10.392484	30.822441
6.770000	-10.901166	-9.979285	31.141340
6.780000	-10.808978	-9.537050	31.400839
6.790000	-10.681785	-9.074083	31.596434
6.800000	-10.521015	-8.599179	31.725243
6.810000	-10.328831	-8.121254	31.786072
6.820000	-10.108074	-7.648984	31.779394
6.830000	-9.862165	-7.190471	31.707227
6.840000	-9.594995	-6.752953	31.572950
6.850000	-9.310791	-6.342599	31.381056
6.860000	-9.013972	-5.964370	31.136866
6.870000	-8.709012	-5.621970	30.846252
6.880000	-8.400308	-5.317870	30.515359
6.890000	-8.092064	-5.053394	30.150368
6.900000	-7.788197	-4.828850	29.757292
6.910000	-7.492262	-4.643701	29.341829
6.920000	-7.207406	-4.496730	28.909254
6.930000	-6.936338	-4.386229	28.464366
6.940000	-6.681327	-4.310157	28.011457
6.950000	-6.444210	-4.266290	27.554328
6.960000	-6.226418	-4.252347	27.096312
6.970000	-6.029011	-4.266091	26.640319
6.980000	-5.852719	-4.305405	26.188889
6.990000	-5.697988	-4.368351	25.744248
7.000000	-5.565024	-4.453200	25.308359
7.010000	-5.453842	-4.558458	24.882979
7.020000	-5.364303	-4.682871	24.469702
7.030000	-5.296160	-4.825418	24.070012
7.040000	-5.249086	-4.985302	23.685311
7.050000	-5.222707	-5.161931	23.316965
7.060000	-5.216630	-5.354893	22.966326
7.070000	-5.230456	-5.563932	22.634767
7.080000	-5.263804	-5.788919	22.323701
7.090000	-5.316315	-6.029819	22.034608
7.100000	-5.387666	-6.286660	21.769051
7.110000	-5.477565	-6.559496	21.528699
7.120000	-5.585758	-6.848371	21.315336
7.130000	-5.712019	-7.153276	21.130882
7.140000	-5.856145	-7.474109	20.977397
7.150000	-6.017941	-7.810621	20.857093
7.160000	-6.197209	-8.162371	20.772333
7.170000	-6.393726	-8.528661	20.725628
7.180000	-6.607219	-8.908478	20.719625
7.190000	-6.837345	-9.300424	20.757086
7.200000	-7.083653	-9.702642	20.840849
7.210000	-7.345552	-10.112745	20.973784
7.220000	-7.622271	-10.527732	21.158719
7.230000	-7.912817	-10.943916	21.398349
7.240000	-8.215927	-11.356853	21.695125
7.250000	-8.530020	-11.761289	22.051105
7.260000	-8.853147	-12.151118	22.467786
7.270000	-9.182944	-12.519381	22.945899
7.280000	-9.516588	-12.858303	23.485186
7.290000	-9.850759	-13.159376	24.084152
7.300000	-10.181621	-13.413523	24.739812
7.310000	-10.504811	-13.611328	25.447447
7.320000	-10.815463	-13.743355	26.200389
7.330000	-11.108252	-13.800558	26.989866
7.340000	-11.377483	-13.774761	27.804937
7.350000	-11.617210	-13.659206	28.632546
7.360000	-11.821410	-13.449130	29.457739
7.370000	-11.984182	-13.142313	30.264040
7.380000	-12.099995	-12.739564	31.034015
7.390000	-12.163952	-12.245052	31.749997
7.400000	-12.172062	-11.666454	32.394930
7.410000	-12.121501	-11.014836	32.953272
7.420000	-12.010835	-10.304276	33.411879
7.430000	-11.840179	-9.551222	33.760752
7.440000	-11.611283	-8.773626	33.993598
7.450000	-11.327517	-7.989956	34.108099
7.460000	-10.993761	-7.218161	34.105887
7.470000	-10.616201	-6.474712	33.992218
7.480000	-10.202052	-5.773819	33.775394
7.490000	-9.759229	-5.126873	33.466016
7.500000	-9.295993	-4.542163	33.076163
7.510000	-8.820610	-4.024861	32.618577
7.520000	-8.341035	-3.577226	32.105940
7.530000	-7.864655	-3.198976	31.550300
7.540000	-7.398087	-2.887767	30.962650
7.550000	-6.947055	-2.639710	30.352683
7.560000	-6.516320	-2.449871	29.728684
7.570000	-6.109675	-2.312726	29.097542
7.580000	-5.729980	-2.222542	28.464848
7.590000	-5.379237	-2.173681	27.835034
7.600000	-5.058681	-2.160818	27.211549
7.610000	-4.768895	-2.179095	26.597031
7.620000	-4.509915	-2.224210	25.993469
7.630000	-4.281344	-2.292461	25.402353
7.640000	-4.082456	-2.380751	24.824798
7.650000	-3.912286	-2.486569	24.261652
7.660000	-3.769714	-2.607959	23.713573
7.670000	-3.653538	-2.743465	23.181105
7.680000	-3.562531	-2.892091	22.664721
7.690000	-3.495487	-3.053241	22.164871
7.700000	-3.451262	-3.226674	21.682011
7.710000	-3.428804	-3.412458	21.216631
7.720000	-3.427169	-3.610922	20.769275
7.730000	-3.445544	-3.822622	20.340564
7.740000	-3.483252	-4.048305	19.931216
7.750000	-3.539757	-4.288878	19.542058
7.760000	-3.614669	-4.545380	19.174055
7.770000	-3.707740	-4.818955	18.828326
7.780000	-3.818862	-5.110827	18.506167
7.790000	-3.948058	-5.422275	18.209078
7.800000	-4.095480	-5.754604	17.938791
7.810000	-4.261392	-6.109112	17.697298
7.820000	-4.446164	-6.487060	17.486883
7.830000	-4.650254	-6.889620	17.310157
7.840000	-4.874191	-7.317828	17.170092
7.850000	-5.118554	-7.772520	17.070052
7.860000	-5.383951	-8.254251	17.013830
7.870000	-5.670981	-8.763198	17.005667
7.880000	-5.980203	-9.299053	17.050275
7.890000	-6.312088	-9.860878	17.152840
7.900000	-6.666967	-10.446951	17.319002
7.910000	-7.044965	-11.054580	17.554811
7.920000	-7.445927	-11.679895	17.866644
7.930000	-7.869323	-12.317618	18.261068
7.940000	-8.314153	-12.960830	18.744637
7.950000	-8.778821	-13.600726	19.323613
7.960000	-9.261011	-14.226404	20.003588
7.970000	-9.757550	-14.824688	20.789001
7.980000	-10.264264	-15.380058	21.682540
7.990000	-10.775844	-15.874698	22.684435
8.000000	-11.285729	-16.288748	23.791661
8.010000	-11.786031	-16.600803	24.997107
8.020000	-12.267508	-16.788717	26.288760
8.030000	-12.719629	-16.830756	27.649036
8.040000	-13.130742	-16.707090	29.054381
8.050000	-13.488376	-16.401571	30.475300
8.060000	-13.779696	-15.903677	31.876962
8.070000	-13.992094	-15.210407	33.220513
8.080000	-14.113925	-14.327844	34.465102
8.090000	-14.135317	-13.272086	35.570552
8.100000	-14.048994	-12.069243	36.500426
8.110000	-13.851019	-10.754326	37.225122
8.120000	-13.541350	-9.369010	37.724518
8.130000	-13.124116	-7.958489	37.989736
8.140000	-12.607553	-6.567839	38.023690
8.150000	-12.003582	-5.238419	37.840304
8.160000	-11.327065	-4.004846	37.462550
8.170000	-10.594843	-2.892968	36.919677
8.180000	-9.824656	-1.919013	36.244119
8.190000	-9.034091	-1.089866	35.468562
8.200000	-8.239669	-0.404251	34.623558
8.210000	-7.456127	0.145551	33.735880
8.220000	-6.695959	0.571770	32.827653
8.230000	-5.969186	0.889310	31.916152
8.240000	-5.283337	1.114179	31.014098
8.250000	-4.643585	1.262283	30.130257
8.260000	-4.052998	1.348580	29.270177
8.270000	-3.512841	1.386574	28.436932
8.280000	-3.022899	1.388057	27.631802
8.290000	-2.581803	1.363047	26.854836
8.300000	-2.187318	1.319850	26.105307
8.310000	-1.836602	1.265209	25.382036
8.320000	-1.526420	1.204475	24.683637
8.330000	-1.253331	1.141809	24.008667
8.340000	-1.013817	1.080366	23.355726
8.350000	-0.804399	1.022478	22.723511
8.360000	-0.621711	0.969809	22.110840
8.370000	-0.462559	0.923498	21.516663
8.380000	-0.323953	0.884273	20.940048
8.390000	-0.203131	0.852560	20.380178
8.400000	-0.097562	0.828556	19.836333
8.410000	-0.004950	0.812306	19.307878
8.420000	0.076776	0.803752	18.794249
8.430000	0.149473	0.802783	18.294939
8.440000	0.214804	0.809261	17.809493
8.450000	0.274250	0.823058	17.337499
8.460000	0.329131	0.844070	16.878579
8.470000	0.380625	0.872233	16.432387
8.480000	0.429786	0.907540	15.998605
8.490000	0.477561	0.950045	15.576943
8.500000	0.524809	0.999872	15.167133
8.510000	0.572316	1.057221	14.768935
8.520000	0.620806	1.122372	14.382132
8.530000	0.670963	1.195689	14.006535
8.540000	0.723435	1.277623	13.641984
8.550000	0.778854	1.368718	13.288350
8.560000	0.837841	1.469613	12.945540
8.570000	0.901018	1.581050	12.613502
8.580000	0.969021	1.703874	12.292228
8.590000	1.042506	1.839047	11.981766
8.600000	1.122160	1.987648	11.682223
8.610000	1.208709	2.150883	11.393780
8.620000	1.302927	2.330095	11.116704
8.630000	1.405643	2.526771	10.851359
8.640000	1.517756	2.742552	10.598230
8.650000	1.640236	2.979243	10.357942
8.660000	1.774136	3.238822	10.131288
8.670000	1.920605	3.523449	9.919257
8.680000	2.080889	3.835474	9.723076
8.690000	2.256348	4.177442	9.544254
8.700000	2.448457	4.552093	9.384634
8.710000	2.658821	4.962361	9.246459
8.720000	2.889175	5.411361	9.132444
8.730000	3.141393	5.902364	9.045864
8.740000	3.417491	6.438764	8.990661
8.750000	3.719618	7.024019	8.971553
8.760000	4.050058	7.661564	8.994177
8.770000	4.411209	8.354696	9.065229
8.780000	4.805557	9.106401	9.192637
8.790000	5.235642	9.919135	9.385727
8.800000	5.703991	10.794521	9.655397
8.810000	6.213044	11.732950	10.014282
8.820000	6.765035	12.733081	10.476875
8.830000	7.361839	13.791196	11.059588
8.840000	8.004775	14.900410	11.780688
8.850000	8.694338	16.049725	12.660066
8.860000	9.429877	17.222934	13.718726
8.870000	10.209183	18.397411	14.977909
8.880000	11.028006	19.542886	16.457722
8.890000	11.879494	20.620340	18.175137
8.900000	12.753578	21.581281	20.141271
8.910000	13.636348	22.367737	22.357898
8.920000	14.509487	22.913436	24.813321
8.930000	15.349882	23.146673	27.477909
8.940000	16.129561	22.995346	30.299983
8.950000	16.816140	22.394416	33.203052
8.960000	17.373967	21.295519	36.085727
8.970000	17.766123	19.677752	38.825723
8.980000	17.957286	17.557664	41.288933
8.990000	17.917323	14.995755	43.343527
9.000000	17.625167	12.096648	44.877427
9.010000	17.072315	9.001007	45.815742
9.020000	16.265184	5.869438	46.133723
9.030000	15.225609	2.861260	45.861241
9.040000	13.989174	0.113164	45.076976
9.050000	12.601573	-2.276895	43.893760
9.060000	11.113727	-4.256990	42.439261
9.070000	9.576655	-5.819160	40.837266
9.080000	8.037073	-6.990349	39.193714
9.090000	6.534331	-7.820093	37.589342
9.100000	5.098889	-8.368491	36.078475
9.110000	3.752151	-8.696719	34.692087
9.120000	2.507264	-8.860849	33.442964
9.130000	1.370453	-8.908710	32.331216
9.140000	0.342536	-8.878980	31.349116
9.150000	-0.579615	-8.801662	30.484816
9.160000	-1.401820	-8.699243	29.724936
9.170000	-2.131562	-8.588070	29.056200
9.180000	-2.777213	-8.479676	28.466365
9.190000	-3.347459	-8.381927	27.944658
9.200000	-3.850906	-8.299960	27.481912
9.210000	-4.295812	-8.236912	27.070517
9.220000	-4.689922	-8.194472	26.704283
9.230000	-5.040377	-8.173295	26.378264
9.240000	-5.353668	-8.173304	26.088567
9.250000	-5.635632	-8.193902	25.832183
9.260000	-5.891459	-8.234134	25.606825
9.270000	-6.125726	-8.292785	25.410794
9.280000	-6.342432	-8.368465	25.242860
9.290000	-6.545036	-8.459650	25.102164
9.300000	-6.736497	-8.564718	24.988134
9.310000	-6.919319	-8.681965	24.900411
9.320000	-7.095584	-8.809616	24.838793
9.330000	-7.266987	-8.945826	24.803175
9.340000	-7.434871	-9.088680	24.793503
9.350000	-7.600252	-9.236193	24.809727
9.360000	-7.763846	-9.386299	24.851762
9.370000	-7.926091	-9.536861	24.919443
9.380000	-8.087168	-9.685660	25.012486
9.390000	-8.247017	-9.830409	25.130450
9.400000	-8.405356	-9.968757	25.272695
9.410000	-8.561697	-10.098309	25.438351
9.420000	-8.715358	-10.216646	25.626278
9.430000	-8.865487	-10.321358	25.835036
9.440000	-9.011074	-10.410079	26.062863
9.450000	-9.150974	-10.480535	26.307650
9.460000	-9.283930	-10.530597	26.566938
9.470000	-9.408597	-10.558335	26.837911
9.480000	-9.523571	-10.562088	27.117413
9.490000	-9.627423	-10.540521	27.401978
9.500000	-9.718732	-10.492690	27.687866
9.510000	-9.796128	-10.418098	27.971125
9.520000	-9.858325	-10.316746	28.247664
9.530000	-9.904167	-10.189163	28.513334
9.540000	-9.932667	-10.036430	28.764031
9.550000	-9.943043	-9.860177	28.995793
9.560000	-9.934757	-9.662563	29.204907
9.570000	-9.907537	-9.446233	29.388008
9.580000	-9.861407	-9.214253	29.542176
9.590000	-9.796691	-8.970030	29.665009
9.600000	-9.714025	-8.717214	29.754686
9.610000	-9.614344	-8.459591	29.810004
9.620000	-9.498869	-8.200975	29.830392
9.630000	-9.369080	-7.945099	29.815904
9.640000	-9.226682	-7.695515	29.767183
9.650000	-9.073565	-7.455507	29.685417
9.660000	-8.911759	-7.228025	29.572265
9.670000	-8.743386	-7.015628	29.429787
9.680000	-8.570610	-6.820460	29.260358
9.690000	-8.395595	-6.644235	29.066588
9.700000	-8.220459	-6.488246	28.851239
9.710000	-8.047238	-6.353388	28.617160
9.720000	-7.877853	-6.240190	28.367216
9.730000	-7.714086	-6.148859	28.104241
9.740000	-7.557564	-6.079329	27.830996
9.750000	-7.409740	-6.031309	27.550141
9.760000	-7.271897	-6.004329	27.264212
9.770000	-7.145140	-5.997791	26.975612
9.780000	-7.030405	-6.011007	26.686611
9.790000	-6.928466	-6.043234	26.399346
9.800000	-6.839942	-6.093702	26.115827
9.810000	-6.765318	-6.161642	25.837951
9.820000	-6.704951	-6.246295	25.567516
9.830000	-6.659085	-6.346929	25.306231
9.840000	-6.627869	-6.462840	25.055733
9.850000	-6.611366	-6.593353	24.817599
9.860000	-6.609565	-6.737820	24.593362
9.870000	-6.622391	-6.895606	24.384519
9.880000	-6.649712	-7.066081	24.192545
9.890000	-6.691349	-7.248605	24.018897
9.900000	-6.747075	-7.442509	23.865024
9.910000	-6.816618	-7.647073	23.732366
9.920000	-6.899664	-7.861511	23.622357
9.930000	-6.995848	-8.084939	23.536420
9.940000	-7.104757	-8.316354	23.475961
9.950000	-7.225917	-8.554613	23.442357
9.960000	-7.358787	-8.798398	23.436940
9.970000	-7.502748	-9.046200	23.460973
9.980000	-7.657093	-9.296290	23.515624
9.990000	-7.821013	-9.546700	23.601934
10.000000	-7.993581	-9.795206	23.720771
