0.000000 0.000000	2.000000
0.010000 0.020000	1.996000
0.020000 0.039960	1.991808
0.030000 0.059878	1.987425
0.040000 0.079752	1.982852
0.050000 0.099581	1.978089
0.060000 0.119362	1.973139
0.070000 0.139093	1.968002
0.080000 0.158773	1.962679
0.090000 0.178400	1.957173
0.100000 0.197972	1.951484
0.110000 0.217487	1.945614
0.120000 0.236943	1.939565
0.130000 0.256338	1.933339
0.140000 0.275672	1.926937
0.150000 0.294941	1.920361
0.160000 0.314145	1.913613
0.170000 0.333281	1.906696
0.180000 0.352348	1.899611
0.190000 0.371344	1.892361
0.200000 0.390267	1.884948
0.210000 0.409117	1.877373
0.220000 0.427891	1.869641
0.230000 0.446587	1.861752
0.240000 0.465205	1.853709
0.250000 0.483742	1.845516
0.260000 0.502197	1.837174
0.270000 0.520569	1.828686
0.280000 0.538855	1.820055
0.290000 0.557056	1.811283
0.300000 0.575169	1.802374
0.310000 0.593193	1.793329
0.320000 0.611126	1.784153
0.330000 0.628967	1.774846
0.340000 0.646716	1.765414
0.350000 0.664370	1.755857
0.360000 0.681929	1.746180
0.370000 0.699390	1.736384
0.380000 0.716754	1.726474
0.390000 0.734019	1.716452
0.400000 0.751183	1.706320
0.410000 0.768247	1.696083
0.420000 0.785208	1.685742
0.430000 0.802065	1.675301
0.440000 0.818818	1.664762
0.450000 0.835466	1.654129
0.460000 0.852007	1.643405
0.470000 0.868441	1.632592
0.480000 0.884767	1.621694
0.490000 0.900984	1.610712
0.500000 0.917091	1.599652
0.510000 0.933087	1.588514
0.520000 0.948973	1.577302
0.530000 0.964746	1.566020
0.540000 0.980406	1.554668
0.550000 0.995952	1.543252
0.560000 1.011385	1.531773
0.570000 1.026703	1.520233
0.580000 1.041905	1.508637
0.590000 1.056991	1.496986
0.600000 1.071961	1.485283
0.610000 1.086814	1.473531
0.620000 1.101549	1.461733
0.630000 1.116167	1.449890
0.640000 1.130666	1.438006
0.650000 1.145046	1.426083
0.660000 1.159307	1.414124
0.670000 1.173448	1.402130
0.680000 1.187469	1.390105
0.690000 1.201370	1.378051
0.700000 1.215151	1.365969
0.710000 1.228810	1.353863
0.720000 1.242349	1.341734
0.730000 1.255766	1.329585
0.740000 1.269062	1.317418
0.750000 1.282236	1.305235
0.760000 1.295289	1.293038
0.770000 1.308219	1.280829
0.780000 1.321027	1.268610
0.790000 1.333713	1.256384
0.800000 1.346277	1.244151
0.810000 1.358719	1.231913
0.820000 1.371038	1.219673
0.830000 1.383235	1.207433
0.840000 1.395309	1.195193
0.850000 1.407261	1.182957
0.860000 1.419090	1.170724
0.870000 1.430798	1.158498
0.880000 1.442383	1.146278
0.890000 1.453845	1.134068
0.900000 1.465186	1.121868
0.910000 1.476405	1.109680
0.920000 1.487502	1.097505
0.930000 1.498477	1.085345
0.940000 1.509330	1.073201
0.950000 1.520062	1.061073
0.960000 1.530673	1.048964
0.970000 1.541163	1.036874
0.980000 1.551531	1.024805
0.990000 1.561779	1.012757
1.000000 1.571907	1.000732
1.010000 1.581914	0.988730
1.020000 1.591802	0.976753
1.030000 1.601569	0.964802
1.040000 1.611217	0.952877
1.050000 1.620746	0.940980
1.060000 1.630156	0.929110
1.070000 1.639447	0.917270
1.080000 1.648619	0.905459
1.090000 1.657674	0.893678
1.100000 1.666611	0.881928
1.110000 1.675430	0.870210
1.120000 1.684132	0.858525
1.130000 1.692717	0.846872
1.140000 1.701186	0.835252
1.150000 1.709539	0.823667
1.160000 1.717775	0.812115
1.170000 1.725896	0.800599
1.180000 1.733902	0.789118
1.190000 1.741794	0.777672
1.200000 1.749570	0.766263
1.210000 1.757233	0.754890
1.220000 1.764782	0.743553
1.230000 1.772217	0.732254
1.240000 1.779540	0.720991
1.250000 1.786750	0.709766
1.260000 1.793848	0.698579
1.270000 1.800833	0.687430
1.280000 1.807708	0.676318
1.290000 1.814471	0.665245
1.300000 1.821123	0.654210
1.310000 1.827665	0.643213
1.320000 1.834097	0.632255
1.330000 1.840420	0.621335
1.340000 1.846633	0.610453
1.350000 1.852738	0.599611
1.360000 1.858734	0.588806
1.370000 1.864622	0.578040
1.380000 1.870402	0.567313
1.390000 1.876076	0.556624
1.400000 1.881642	0.545973
1.410000 1.887102	0.535360
1.420000 1.892455	0.524785
1.430000 1.897703	0.514249
1.440000 1.902846	0.503750
1.450000 1.907883	0.493289
1.460000 1.912816	0.482865
1.470000 1.917645	0.472478
1.480000 1.922369	0.462129
1.490000 1.926991	0.451816
1.500000 1.931509	0.441540
1.510000 1.935924	0.431301
1.520000 1.940237	0.421097
1.530000 1.944448	0.410930
1.540000 1.948557	0.400798
1.550000 1.952565	0.390701
1.560000 1.956472	0.380640
1.570000 1.960279	0.370613
1.580000 1.963985	0.360621
1.590000 1.967591	0.350663
1.600000 1.971098	0.340738
1.610000 1.974505	0.330848
1.620000 1.977814	0.320990
1.630000 1.981024	0.311165
1.640000 1.984135	0.301372
1.650000 1.987149	0.291611
1.660000 1.990065	0.281883
1.670000 1.992884	0.272185
1.680000 1.995606	0.262518
1.690000 1.998231	0.252882
1.700000 2.000760	0.243276
1.710000 2.003192	0.233700
1.720000 2.005529	0.224152
1.730000 2.007771	0.214634
1.740000 2.009917	0.205145
1.750000 2.011969	0.195683
1.760000 2.013926	0.186249
1.770000 2.015788	0.176843
1.780000 2.017557	0.167463
1.790000 2.019231	0.158109
1.800000 2.020812	0.148782
1.810000 2.022300	0.139480
1.820000 2.023695	0.130203
1.830000 2.024997	0.120951
1.840000 2.026206	0.111723
1.850000 2.027324	0.102519
1.860000 2.028349	0.093338
1.870000 2.029282	0.084180
1.880000 2.030124	0.075044
1.890000 2.030874	0.065930
1.900000 2.031534	0.056838
1.910000 2.032102	0.047767
1.920000 2.032580	0.038717
1.930000 2.032967	0.029687
1.940000 2.033264	0.020677
1.950000 2.033471	0.011686
1.960000 2.033587	0.002714
1.970000 2.033615	-0.006240
1.980000 2.033552	-0.015175
1.990000 2.033400	-0.024093
2.000000 2.033160	-0.032994
2.010000 2.032830	-0.041878
2.020000 2.032411	-0.050745
2.030000 2.031903	-0.059597
2.040000 2.031307	-0.068434
2.050000 2.030623	-0.077255
2.060000 2.029851	-0.086062
2.070000 2.028990	-0.094854
2.080000 2.028041	-0.103633
2.090000 2.027005	-0.112399
2.100000 2.025881	-0.121151
2.110000 2.024670	-0.129891
2.120000 2.023371	-0.138619
2.130000 2.021984	-0.147335
2.140000 2.020511	-0.156040
2.150000 2.018951	-0.164733
2.160000 2.017303	-0.173416
2.170000 2.015569	-0.182089
2.180000 2.013748	-0.190752
2.190000 2.011841	-0.199405
2.200000 2.009847	-0.208050
2.210000 2.007766	-0.216685
2.220000 2.005599	-0.225312
2.230000 2.003346	-0.233931
2.240000 2.001007	-0.242542
2.250000 1.998582	-0.251146
2.260000 1.996070	-0.259742
2.270000 1.993473	-0.268332
2.280000 1.990789	-0.276915
2.290000 1.988020	-0.285492
2.300000 1.985165	-0.294064
2.310000 1.982225	-0.302629
2.320000 1.979198	-0.311189
2.330000 1.976086	-0.319745
2.340000 1.972889	-0.328295
2.350000 1.969606	-0.336841
2.360000 1.966238	-0.345382
2.370000 1.962784	-0.353920
2.380000 1.959245	-0.362454
2.390000 1.955620	-0.370984
2.400000 1.951910	-0.379510
2.410000 1.948115	-0.388034
2.420000 1.944235	-0.396554
2.430000 1.940269	-0.405072
2.440000 1.936219	-0.413587
2.450000 1.932083	-0.422100
2.460000 1.927862	-0.430610
2.470000 1.923556	-0.439118
2.480000 1.919164	-0.447624
2.490000 1.914688	-0.456128
2.500000 1.910127	-0.464630
2.510000 1.905481	-0.473131
2.520000 1.900749	-0.481630
2.530000 1.895933	-0.490127
2.540000 1.891032	-0.498623
2.550000 1.886045	-0.507117
2.560000 1.880974	-0.515610
2.570000 1.875818	-0.524102
2.580000 1.870577	-0.532592
2.590000 1.865251	-0.541081
2.600000 1.859840	-0.549568
2.610000 1.854345	-0.558054
2.620000 1.848764	-0.566539
2.630000 1.843099	-0.575022
2.640000 1.837349	-0.583503
2.650000 1.831514	-0.591983
2.660000 1.825594	-0.600461
2.670000 1.819589	-0.608937
2.680000 1.813500	-0.617412
2.690000 1.807326	-0.625884
2.700000 1.801067	-0.634354
2.710000 1.794723	-0.642821
2.720000 1.788295	-0.651286
2.730000 1.781782	-0.659747
2.740000 1.775185	-0.668206
2.750000 1.768503	-0.676662
2.760000 1.761736	-0.685113
2.770000 1.754885	-0.693562
2.780000 1.747949	-0.702005
2.790000 1.740929	-0.710445
2.800000 1.733825	-0.718880
2.810000 1.726636	-0.727309
2.820000 1.719363	-0.735733
2.830000 1.712006	-0.744152
2.840000 1.704564	-0.752564
2.850000 1.697038	-0.760970
2.860000 1.689429	-0.769368
2.870000 1.681735	-0.777759
2.880000 1.673957	-0.786142
2.890000 1.666096	-0.794517
2.900000 1.658151	-0.802882
2.910000 1.650122	-0.811238
2.920000 1.642010	-0.819584
2.930000 1.633814	-0.827920
2.940000 1.625535	-0.836244
2.950000 1.617172	-0.844557
2.960000 1.608727	-0.852857
2.970000 1.600198	-0.861144
2.980000 1.591587	-0.869417
2.990000 1.582892	-0.877676
3.000000 1.574116	-0.885920
3.010000 1.565256	-0.894148
3.020000 1.556315	-0.902360
3.030000 1.547291	-0.910554
3.040000 1.538186	-0.918730
3.050000 1.528999	-0.926887
3.060000 1.519730	-0.935025
3.070000 1.510379	-0.943142
3.080000 1.500948	-0.951237
3.090000 1.491436	-0.959310
3.100000 1.481843	-0.967360
3.110000 1.472169	-0.975386
3.120000 1.462415	-0.983387
3.130000 1.452581	-0.991361
3.140000 1.442668	-0.999309
3.150000 1.432674	-1.007228
3.160000 1.422602	-1.015119
3.170000 1.412451	-1.022979
3.180000 1.402221	-1.030808
3.190000 1.391913	-1.038604
3.200000 1.381527	-1.046367
3.210000 1.371063	-1.054096
3.220000 1.360522	-1.061789
3.230000 1.349905	-1.069445
3.240000 1.339210	-1.077063
3.250000 1.328440	-1.084642
3.260000 1.317593	-1.092181
3.270000 1.306671	-1.099678
3.280000 1.295674	-1.107131
3.290000 1.284603	-1.114541
3.300000 1.273458	-1.121905
3.310000 1.262239	-1.129223
3.320000 1.250946	-1.136492
3.330000 1.239582	-1.143712
3.340000 1.228144	-1.150881
3.350000 1.216636	-1.157998
3.360000 1.205056	-1.165061
3.370000 1.193405	-1.172070
3.380000 1.181684	-1.179022
3.390000 1.169894	-1.185916
3.400000 1.158035	-1.192751
3.410000 1.146107	-1.199526
3.420000 1.134112	-1.206239
3.430000 1.122050	-1.212888
3.440000 1.109921	-1.219472
3.450000 1.097726	-1.225990
3.460000 1.085466	-1.232439
3.470000 1.073142	-1.238820
3.480000 1.060754	-1.245129
3.490000 1.048302	-1.251366
3.500000 1.035789	-1.257529
3.510000 1.023213	-1.263617
3.520000 1.010577	-1.269627
3.530000 0.997881	-1.275560
3.540000 0.985125	-1.281412
3.550000 0.972311	-1.287182
3.560000 0.959440	-1.292870
3.570000 0.946511	-1.298473
3.580000 0.933526	-1.303990
3.590000 0.920486	-1.309419
3.600000 0.907392	-1.314759
3.610000 0.894244	-1.320008
3.620000 0.881044	-1.325166
3.630000 0.867793	-1.330230
3.640000 0.854490	-1.335198
3.650000 0.841138	-1.340070
3.660000 0.827738	-1.344844
3.670000 0.814289	-1.349518
3.680000 0.800794	-1.354092
3.690000 0.787253	-1.358563
3.700000 0.773668	-1.362930
3.710000 0.760038	-1.367191
3.720000 0.746366	-1.371346
3.730000 0.732653	-1.375394
3.740000 0.718899	-1.379331
3.750000 0.705106	-1.383158
3.760000 0.691274	-1.386873
3.770000 0.677405	-1.390474
3.780000 0.663501	-1.393961
3.790000 0.649561	-1.397332
3.800000 0.635588	-1.400586
3.810000 0.621582	-1.403721
3.820000 0.607545	-1.406737
3.830000 0.593477	-1.409632
3.840000 0.579381	-1.412405
3.850000 0.565257	-1.415055
3.860000 0.551106	-1.417582
3.870000 0.536930	-1.419983
3.880000 0.522731	-1.422258
3.890000 0.508508	-1.424406
3.900000 0.494264	-1.426426
3.910000 0.480000	-1.428317
3.920000 0.465717	-1.430078
3.930000 0.451416	-1.431708
3.940000 0.437099	-1.433207
3.950000 0.422767	-1.434574
3.960000 0.408421	-1.435808
3.970000 0.394063	-1.436908
3.980000 0.379694	-1.437873
3.990000 0.365315	-1.438704
4.000000 0.350928	-1.439399
4.010000 0.336534	-1.439958
4.020000 0.322134	-1.440380
4.030000 0.307731	-1.440665
4.040000 0.293324	-1.440813
4.050000 0.278916	-1.440823
4.060000 0.264508	-1.440694
4.070000 0.250101	-1.440427
4.080000 0.235696	-1.440021
4.090000 0.221296	-1.439476
4.100000 0.206901	-1.438792
4.110000 0.192513	-1.437969
4.120000 0.178134	-1.437006
4.130000 0.163764	-1.435904
4.140000 0.149405	-1.434663
4.150000 0.135058	-1.433282
4.160000 0.120725	-1.431762
4.170000 0.106408	-1.430103
4.180000 0.092107	-1.428305
4.190000 0.077824	-1.426368
4.200000 0.063560	-1.424292
4.210000 0.049317	-1.422079
4.220000 0.035096	-1.419728
4.230000 0.020899	-1.417239
4.240000 0.006726	-1.414614
4.250000 -0.007420	-1.411852
4.260000 -0.021538	-1.408954
4.270000 -0.035628	-1.405921
4.280000 -0.049687	-1.402753
4.290000 -0.063714	-1.399450
4.300000 -0.077709	-1.396015
4.310000 -0.091669	-1.392446
4.320000 -0.105594	-1.388746
4.330000 -0.119481	-1.384915
4.340000 -0.133330	-1.380953
4.350000 -0.147140	-1.376862
4.360000 -0.160908	-1.372642
4.370000 -0.174635	-1.368294
4.380000 -0.188318	-1.363820
4.390000 -0.201956	-1.359221
4.400000 -0.215548	-1.354496
4.410000 -0.229093	-1.349648
4.420000 -0.242590	-1.344678
4.430000 -0.256036	-1.339587
4.440000 -0.269432	-1.334375
4.450000 -0.282776	-1.329044
4.460000 -0.296066	-1.323596
4.470000 -0.309302	-1.318031
4.480000 -0.322483	-1.312351
4.490000 -0.335606	-1.306557
4.500000 -0.348672	-1.300651
4.510000 -0.361678	-1.294633
4.520000 -0.374625	-1.288505
4.530000 -0.387510	-1.282269
4.540000 -0.400332	-1.275926
4.550000 -0.413092	-1.269477
4.560000 -0.425786	-1.262923
4.570000 -0.438416	-1.256267
4.580000 -0.450978	-1.249509
4.590000 -0.463473	-1.242652
4.600000 -0.475900	-1.235696
4.610000 -0.488257	-1.228643
4.620000 -0.500543	-1.221495
4.630000 -0.512758	-1.214253
4.640000 -0.524901	-1.206919
4.650000 -0.536970	-1.199494
4.660000 -0.548965	-1.191979
4.670000 -0.560885	-1.184377
4.680000 -0.572728	-1.176689
4.690000 -0.584495	-1.168917
4.700000 -0.596185	-1.161061
4.710000 -0.607795	-1.153124
4.720000 -0.619326	-1.145107
4.730000 -0.630777	-1.137012
4.740000 -0.642148	-1.128840
4.750000 -0.653436	-1.120593
4.760000 -0.664642	-1.112273
4.770000 -0.675765	-1.103881
4.780000 -0.686803	-1.095418
4.790000 -0.697758	-1.086887
4.800000 -0.708626	-1.078288
4.810000 -0.719409	-1.069623
4.820000 -0.730106	-1.060895
4.830000 -0.740715	-1.052103
4.840000 -0.751236	-1.043251
4.850000 -0.761668	-1.034339
4.860000 -0.772011	-1.025369
4.870000 -0.782265	-1.016343
4.880000 -0.792429	-1.007261
4.890000 -0.802501	-0.998126
4.900000 -0.812482	-0.988939
4.910000 -0.822372	-0.979701
4.920000 -0.832169	-0.970414
4.930000 -0.841873	-0.961079
4.940000 -0.851484	-0.951698
4.950000 -0.861001	-0.942272
4.960000 -0.870423	-0.932803
4.970000 -0.879751	-0.923291
4.980000 -0.888984	-0.913738
4.990000 -0.898122	-0.904147
5.000000 -0.907163	-0.894517
5.010000 -0.916108	-0.884850
5.020000 -0.924957	-0.875148
5.030000 -0.933708	-0.865412
5.040000 -0.942363	-0.855643
5.050000 -0.950919	-0.845842
5.060000 -0.959377	-0.836011
5.070000 -0.967737	-0.826150
5.080000 -0.975999	-0.816262
5.090000 -0.984162	-0.806347
5.100000 -0.992225	-0.796406
5.110000 -1.000189	-0.786441
5.120000 -1.008054	-0.776452
5.130000 -1.015818	-0.766441
5.140000 -1.023482	-0.756409
5.150000 -1.031047	-0.746357
5.160000 -1.038510	-0.736286
5.170000 -1.045873	-0.726197
5.180000 -1.053135	-0.716091
5.190000 -1.060296	-0.705969
5.200000 -1.067356	-0.695832
5.210000 -1.074314	-0.685681
5.220000 -1.081171	-0.675517
5.230000 -1.087926	-0.665341
5.240000 -1.094579	-0.655154
5.250000 -1.101131	-0.644956
5.260000 -1.107580	-0.634749
5.270000 -1.113928	-0.624533
5.280000 -1.120173	-0.614310
5.290000 -1.126316	-0.604080
5.300000 -1.132357	-0.593843
5.310000 -1.138296	-0.583601
5.320000 -1.144132	-0.573355
5.330000 -1.149865	-0.563105
5.340000 -1.155496	-0.552851
5.350000 -1.161025	-0.542596
5.360000 -1.166451	-0.532338
5.370000 -1.171774	-0.522080
5.380000 -1.176995	-0.511821
5.390000 -1.182113	-0.501563
5.400000 -1.187129	-0.491306
5.410000 -1.192042	-0.481050
5.420000 -1.196852	-0.470797
5.430000 -1.201560	-0.460547
5.440000 -1.206166	-0.450299
5.450000 -1.210669	-0.440056
5.460000 -1.215069	-0.429818
5.470000 -1.219367	-0.419584
5.480000 -1.223563	-0.409356
5.490000 -1.227657	-0.399134
5.500000 -1.231648	-0.388919
5.510000 -1.235537	-0.378711
5.520000 -1.239324	-0.368510
5.530000 -1.243010	-0.358317
5.540000 -1.246593	-0.348133
5.550000 -1.250074	-0.337958
5.560000 -1.253454	-0.327792
5.570000 -1.256732	-0.317636
5.580000 -1.259908	-0.307489
5.590000 -1.262983	-0.297354
5.600000 -1.265956	-0.287229
5.610000 -1.268829	-0.277116
5.620000 -1.271600	-0.267014
5.630000 -1.274270	-0.256924
5.640000 -1.276839	-0.246847
5.650000 -1.279308	-0.236782
5.660000 -1.281675	-0.226730
5.670000 -1.283943	-0.216692
5.680000 -1.286110	-0.206667
5.690000 -1.288176	-0.196656
5.700000 -1.290143	-0.186660
5.710000 -1.292009	-0.176678
5.720000 -1.293776	-0.166710
5.730000 -1.295443	-0.156758
5.740000 -1.297011	-0.146821
5.750000 -1.298479	-0.136900
5.760000 -1.299848	-0.126995
5.770000 -1.301118	-0.117106
5.780000 -1.302289	-0.107233
5.790000 -1.303362	-0.097377
5.800000 -1.304335	-0.087538
5.810000 -1.305211	-0.077715
5.820000 -1.305988	-0.067911
5.830000 -1.306667	-0.058123
5.840000 -1.307248	-0.048354
5.850000 -1.307732	-0.038602
5.860000 -1.308118	-0.028869
5.870000 -1.308406	-0.019155
5.880000 -1.308598	-0.009459
5.890000 -1.308693	0.000219
5.900000 -1.308690	0.009877
5.910000 -1.308592	0.019515
5.920000 -1.308396	0.029135
5.930000 -1.308105	0.038734
5.940000 -1.307718	0.048313
5.950000 -1.307235	0.057873
5.960000 -1.306656	0.067412
5.970000 -1.305982	0.076930
5.980000 -1.305212	0.086428
5.990000 -1.304348	0.095904
6.000000 -1.303389	0.105359
6.010000 -1.302336	0.114793
6.020000 -1.301188	0.124206
6.030000 -1.299946	0.133596
6.040000 -1.298610	0.142964
6.050000 -1.297180	0.152310
6.060000 -1.295657	0.161633
6.070000 -1.294041	0.170934
6.080000 -1.292331	0.180212
6.090000 -1.290529	0.189466
6.100000 -1.288634	0.198697
6.110000 -1.286647	0.207904
6.120000 -1.284568	0.217087
6.130000 -1.282398	0.226246
6.140000 -1.280135	0.235381
6.150000 -1.277781	0.244491
6.160000 -1.275336	0.253575
6.170000 -1.272801	0.262635
6.180000 -1.270174	0.271669
6.190000 -1.267458	0.280677
6.200000 -1.264651	0.289659
6.210000 -1.261754	0.298615
6.220000 -1.258768	0.307544
6.230000 -1.255693	0.316446
6.240000 -1.252528	0.325321
6.250000 -1.249275	0.334168
6.260000 -1.245933	0.342987
6.270000 -1.242503	0.351778
6.280000 -1.238986	0.360540
6.290000 -1.235380	0.369274
6.300000 -1.231687	0.377978
6.310000 -1.227908	0.386653
6.320000 -1.224041	0.395297
6.330000 -1.220088	0.403911
6.340000 -1.216049	0.412495
6.350000 -1.211924	0.421047
6.360000 -1.207714	0.429568
6.370000 -1.203418	0.438057
6.380000 -1.199037	0.446514
6.390000 -1.194572	0.454937
6.400000 -1.190023	0.463328
6.410000 -1.185390	0.471685
6.420000 -1.180673	0.480008
6.430000 -1.175873	0.488297
6.440000 -1.170990	0.496551
6.450000 -1.166024	0.504769
6.460000 -1.160977	0.512951
6.470000 -1.155847	0.521097
6.480000 -1.150636	0.529206
6.490000 -1.145344	0.537278
6.500000 -1.139971	0.545312
6.510000 -1.134518	0.553308
6.520000 -1.128985	0.561265
6.530000 -1.123372	0.569182
6.540000 -1.117681	0.577059
6.550000 -1.111910	0.584896
6.560000 -1.106061	0.592692
6.570000 -1.100134	0.600446
6.580000 -1.094130	0.608157
6.590000 -1.088048	0.615826
6.600000 -1.081890	0.623452
6.610000 -1.075655	0.631033
6.620000 -1.069345	0.638570
6.630000 -1.062959	0.646062
6.640000 -1.056499	0.653508
6.650000 -1.049964	0.660907
6.660000 -1.043354	0.668260
6.670000 -1.036672	0.675564
6.680000 -1.029916	0.682820
6.690000 -1.023088	0.690027
6.700000 -1.016188	0.697184
6.710000 -1.009216	0.704291
6.720000 -1.002173	0.711346
6.730000 -0.995060	0.718350
6.740000 -0.987876	0.725301
6.750000 -0.980623	0.732199
6.760000 -0.973301	0.739043
6.770000 -0.965911	0.745833
6.780000 -0.958452	0.752567
6.790000 -0.950927	0.759245
6.800000 -0.943334	0.765866
6.810000 -0.935675	0.772429
6.820000 -0.927951	0.778934
6.830000 -0.920162	0.785380
6.840000 -0.912308	0.791767
6.850000 -0.904390	0.798092
6.860000 -0.896409	0.804357
6.870000 -0.888366	0.810559
6.880000 -0.880260	0.816698
6.890000 -0.872093	0.822774
6.900000 -0.863866	0.828785
6.910000 -0.855578	0.834731
6.920000 -0.847230	0.840611
6.930000 -0.838824	0.846424
6.940000 -0.830360	0.852170
6.950000 -0.821838	0.857847
6.960000 -0.813260	0.863456
6.970000 -0.804625	0.868994
6.980000 -0.795935	0.874462
6.990000 -0.787191	0.879858
7.000000 -0.778392	0.885182
7.010000 -0.769540	0.890433
7.020000 -0.760636	0.895610
7.030000 -0.751680	0.900713
7.040000 -0.742673	0.905740
7.050000 -0.733615	0.910691
7.060000 -0.724509	0.915565
7.070000 -0.715353	0.920362
7.080000 -0.706149	0.925080
7.090000 -0.696898	0.929719
7.100000 -0.687601	0.934278
7.110000 -0.678258	0.938756
7.120000 -0.668871	0.943153
7.130000 -0.659439	0.947468
7.140000 -0.649965	0.951700
7.150000 -0.640448	0.955848
7.160000 -0.630889	0.959912
7.170000 -0.621290	0.963890
7.180000 -0.611651	0.967784
7.190000 -0.601973	0.971590
7.200000 -0.592257	0.975310
7.210000 -0.582504	0.978941
7.220000 -0.572715	0.982485
7.230000 -0.562890	0.985939
7.240000 -0.553031	0.989303
7.250000 -0.543138	0.992577
7.260000 -0.533212	0.995761
7.270000 -0.523254	0.998852
7.280000 -0.513266	1.001851
7.290000 -0.503247	1.004758
7.300000 -0.493200	1.007571
7.310000 -0.483124	1.010290
7.320000 -0.473021	1.012915
7.330000 -0.462892	1.015445
7.340000 -0.452737	1.017880
7.350000 -0.442559	1.020218
7.360000 -0.432356	1.022460
7.370000 -0.422132	1.024606
7.380000 -0.411886	1.026653
7.390000 -0.401619	1.028604
7.400000 -0.391333	1.030455
7.410000 -0.381029	1.032209
7.420000 -0.370707	1.033863
7.430000 -0.360368	1.035418
7.440000 -0.350014	1.036873
7.450000 -0.339645	1.038229
7.460000 -0.329263	1.039484
7.470000 -0.318868	1.040638
7.480000 -0.308462	1.041692
7.490000 -0.298045	1.042644
7.500000 -0.287618	1.043496
7.510000 -0.277183	1.044245
7.520000 -0.266741	1.044893
7.530000 -0.256292	1.045440
7.540000 -0.245837	1.045884
7.550000 -0.235379	1.046226
7.560000 -0.224916	1.046465
7.570000 -0.214452	1.046602
7.580000 -0.203986	1.046637
7.590000 -0.193519	1.046570
7.600000 -0.183054	1.046400
7.610000 -0.172590	1.046127
7.620000 -0.162128	1.045752
7.630000 -0.151671	1.045275
7.640000 -0.141218	1.044696
7.650000 -0.130771	1.044014
7.660000 -0.120331	1.043230
7.670000 -0.109899	1.042344
7.680000 -0.099475	1.041356
7.690000 -0.089062	1.040266
7.700000 -0.078659	1.039075
7.710000 -0.068268	1.037783
7.720000 -0.057890	1.036389
7.730000 -0.047527	1.034895
7.740000 -0.037178	1.033300
7.750000 -0.026845	1.031605
7.760000 -0.016529	1.029811
7.770000 -0.006230	1.027916
7.780000 0.004049	1.025923
7.790000 0.014308	1.023830
7.800000 0.024546	1.021640
7.810000 0.034763	1.019351
7.820000 0.044956	1.016965
7.830000 0.055126	1.014481
7.840000 0.065271	1.011901
7.850000 0.075390	1.009225
7.860000 0.085482	1.006454
7.870000 0.095546	1.003587
7.880000 0.105582	1.000626
7.890000 0.115589	0.997571
7.900000 0.125564	0.994422
7.910000 0.135508	0.991181
7.920000 0.145420	0.987848
7.930000 0.155299	0.984423
7.940000 0.165143	0.980907
7.950000 0.174952	0.977302
7.960000 0.184725	0.973606
7.970000 0.194461	0.969822
7.980000 0.204159	0.965950
7.990000 0.213819	0.961991
8.000000 0.223439	0.957945
8.010000 0.233018	0.953813
8.020000 0.242556	0.949597
8.030000 0.252052	0.945296
8.040000 0.261505	0.940911
8.050000 0.270914	0.936444
8.060000 0.280279	0.931895
8.070000 0.289598	0.927265
8.080000 0.298870	0.922555
8.090000 0.308096	0.917765
8.100000 0.317274	0.912897
8.110000 0.326403	0.907952
8.120000 0.335482	0.902929
8.130000 0.344511	0.897831
8.140000 0.353490	0.892658
8.150000 0.362416	0.887411
8.160000 0.371290	0.882091
8.170000 0.380111	0.876699
8.180000 0.388878	0.871235
8.190000 0.397591	0.865701
8.200000 0.406248	0.860098
8.210000 0.414849	0.854426
8.220000 0.423393	0.848686
8.230000 0.431880	0.842880
8.240000 0.440309	0.837009
8.250000 0.448679	0.831073
8.260000 0.456989	0.825073
8.270000 0.465240	0.819010
8.280000 0.473430	0.812886
8.290000 0.481559	0.806701
8.300000 0.489626	0.800456
8.310000 0.497631	0.794152
8.320000 0.505572	0.787790
8.330000 0.513450	0.781371
8.340000 0.521264	0.774897
8.350000 0.529013	0.768367
8.360000 0.536696	0.761784
8.370000 0.544314	0.755147
8.380000 0.551866	0.748458
8.390000 0.559350	0.741719
8.400000 0.566767	0.734929
8.410000 0.574117	0.728090
8.420000 0.581398	0.721203
8.430000 0.588610	0.714269
8.440000 0.595752	0.707288
8.450000 0.602825	0.700262
8.460000 0.609828	0.693192
8.470000 0.616760	0.686078
8.480000 0.623621	0.678922
8.490000 0.630410	0.671724
8.500000 0.637127	0.664486
8.510000 0.643772	0.657208
8.520000 0.650344	0.649892
8.530000 0.656843	0.642537
8.540000 0.663268	0.635146
8.550000 0.669620	0.627719
8.560000 0.675897	0.620257
8.570000 0.682099	0.612760
8.580000 0.688227	0.605230
8.590000 0.694279	0.597668
8.600000 0.700256	0.590075
8.610000 0.706157	0.582450
8.620000 0.711981	0.574796
8.630000 0.717729	0.567113
8.640000 0.723400	0.559402
8.650000 0.728994	0.551664
8.660000 0.734511	0.543900
8.670000 0.739950	0.536110
8.680000 0.745311	0.528295
8.690000 0.750594	0.520456
8.700000 0.755799	0.512595
8.710000 0.760925	0.504711
8.720000 0.765972	0.496805
8.730000 0.770940	0.488879
8.740000 0.775829	0.480933
8.750000 0.780638	0.472969
8.760000 0.785368	0.464985
8.770000 0.790017	0.456984
8.780000 0.794587	0.448967
8.790000 0.799077	0.440933
8.800000 0.803486	0.432884
8.810000 0.807815	0.424821
8.820000 0.812063	0.416743
8.830000 0.816231	0.408653
8.840000 0.820317	0.400550
8.850000 0.824323	0.392435
8.860000 0.828247	0.384309
8.870000 0.832090	0.376173
8.880000 0.835852	0.368027
8.890000 0.839532	0.359873
8.900000 0.843131	0.351709
8.910000 0.846648	0.343539
8.920000 0.850083	0.335361
8.930000 0.853437	0.327177
8.940000 0.856709	0.318987
8.950000 0.859899	0.310792
8.960000 0.863007	0.302593
8.970000 0.866033	0.294390
8.980000 0.868976	0.286183
8.990000 0.871838	0.277974
9.000000 0.874618	0.269763
9.010000 0.877316	0.261551
9.020000 0.879931	0.253337
9.030000 0.882465	0.245124
9.040000 0.884916	0.236910
9.050000 0.887285	0.228698
9.060000 0.889572	0.220487
9.070000 0.891777	0.212278
9.080000 0.893900	0.204072
9.090000 0.895940	0.195868
9.100000 0.897899	0.187668
9.110000 0.899776	0.179473
9.120000 0.901570	0.171282
9.130000 0.903283	0.163097
9.140000 0.904914	0.154917
9.150000 0.906463	0.146743
9.160000 0.907931	0.138576
9.170000 0.909316	0.130417
9.180000 0.910621	0.122265
9.190000 0.911843	0.114122
9.200000 0.912985	0.105987
9.210000 0.914044	0.097862
9.220000 0.915023	0.089746
9.230000 0.915920	0.081641
9.240000 0.916737	0.073547
9.250000 0.917472	0.065463
9.260000 0.918127	0.057392
9.270000 0.918701	0.049332
9.280000 0.919194	0.041286
9.290000 0.919607	0.033252
9.300000 0.919940	0.025232
9.310000 0.920192	0.017226
9.320000 0.920364	0.009234
9.330000 0.920457	0.001257
9.340000 0.920469	-0.006704
9.350000 0.920402	-0.014649
9.360000 0.920256	-0.022579
9.370000 0.920030	-0.030491
9.380000 0.919725	-0.038386
9.390000 0.919341	-0.046264
9.400000 0.918878	-0.054123
9.410000 0.918337	-0.061964
9.420000 0.917717	-0.069786
9.430000 0.917020	-0.077589
9.440000 0.916244	-0.085372
9.450000 0.915390	-0.093134
9.460000 0.914459	-0.100876
9.470000 0.913450	-0.108596
9.480000 0.912364	-0.116295
9.490000 0.911201	-0.123972
9.500000 0.909961	-0.131627
9.510000 0.908645	-0.139258
9.520000 0.907252	-0.146867
9.530000 0.905784	-0.154451
9.540000 0.904239	-0.162011
9.550000 0.902619	-0.169547
9.560000 0.900924	-0.177057
9.570000 0.899153	-0.184542
9.580000 0.897308	-0.192001
9.590000 0.895388	-0.199433
9.600000 0.893393	-0.206839
9.610000 0.891325	-0.214217
9.620000 0.889183	-0.221568
9.630000 0.886967	-0.228890
9.640000 0.884678	-0.236184
9.650000 0.882316	-0.243449
9.660000 0.879882	-0.250684
9.670000 0.877375	-0.257889
9.680000 0.874796	-0.265064
9.690000 0.872145	-0.272208
9.700000 0.869423	-0.279321
9.710000 0.866630	-0.286402
9.720000 0.863766	-0.293451
9.730000 0.860832	-0.300467
9.740000 0.857827	-0.307450
9.750000 0.854752	-0.314399
9.760000 0.851608	-0.321314
9.770000 0.848395	-0.328195
9.780000 0.845113	-0.335041
9.790000 0.841763	-0.341851
9.800000 0.838344	-0.348626
9.810000 0.834858	-0.355364
9.820000 0.831305	-0.362065
9.830000 0.827684	-0.368729
9.840000 0.823997	-0.375355
9.850000 0.820243	-0.381943
9.860000 0.816424	-0.388492
9.870000 0.812539	-0.395003
9.880000 0.808589	-0.401473
9.890000 0.804574	-0.407903
9.900000 0.800495	-0.414293
9.910000 0.796352	-0.420641
9.920000 0.792146	-0.426948
9.930000 0.787876	-0.433213
9.940000 0.783544	-0.439435
9.950000 0.779150	-0.445614
9.960000 0.774694	-0.451749
9.970000 0.770176	-0.457841
9.980000 0.765598	-0.463888
9.990000 0.760959	-0.469890
10.000000 0.756260	-0.475846
10.010000 0.751501	-0.481756
10.020000 0.746684	-0.487620
10.030000 0.741808	-0.493437
10.040000 0.736873	-0.499206
10.050000 0.731881	-0.504928
10.060000 0.726832	-0.510601
10.070000 0.721726	-0.516224
10.080000 0.716564	-0.521799
10.090000 0.711346	-0.527323
10.100000 0.706072	-0.532797
10.110000 0.700744	-0.538220
10.120000 0.695362	-0.543591
10.130000 0.689926	-0.548911
10.140000 0.684437	-0.554178
10.150000 0.678895	-0.559392
10.160000 0.673302	-0.564552
10.170000 0.667656	-0.569659
10.180000 0.661959	-0.574711
10.190000 0.656212	-0.579708
10.200000 0.650415	-0.584650
10.210000 0.644569	-0.589536
10.220000 0.638673	-0.594366
10.230000 0.632730	-0.599138
10.240000 0.626738	-0.603853
10.250000 0.620700	-0.608511
10.260000 0.614615	-0.613110
10.270000 0.608484	-0.617650
10.280000 0.602307	-0.622131
10.290000 0.596086	-0.626552
10.300000 0.589820	-0.630913
10.310000 0.583511	-0.635213
10.320000 0.577159	-0.639452
10.330000 0.570764	-0.643630
10.340000 0.564328	-0.647745
10.350000 0.557851	-0.651798
10.360000 0.551333	-0.655789
10.370000 0.544775	-0.659715
10.380000 0.538178	-0.663578
10.390000 0.531542	-0.667377
10.400000 0.524868	-0.671110
10.410000 0.518157	-0.674779
10.420000 0.511409	-0.678382
10.430000 0.504625	-0.681920
10.440000 0.497806	-0.685391
10.450000 0.490952	-0.688795
10.460000 0.484064	-0.692132
10.470000 0.477143	-0.695402
10.480000 0.470189	-0.698603
10.490000 0.463203	-0.701736
10.500000 0.456186	-0.704801
10.510000 0.449138	-0.707797
10.520000 0.442060	-0.710723
10.530000 0.434952	-0.713580
10.540000 0.427817	-0.716366
10.550000 0.420653	-0.719082
10.560000 0.413462	-0.721728
10.570000 0.406245	-0.724302
10.580000 0.399002	-0.726805
10.590000 0.391734	-0.729237
10.600000 0.384441	-0.731596
10.610000 0.377125	-0.733883
10.620000 0.369787	-0.736098
10.630000 0.362426	-0.738240
10.640000 0.355043	-0.740309
10.650000 0.347640	-0.742305
10.660000 0.340217	-0.744227
10.670000 0.332775	-0.746075
10.680000 0.325314	-0.747850
10.690000 0.317836	-0.749550
10.700000 0.310340	-0.751176
10.710000 0.302828	-0.752728
10.720000 0.295301	-0.754204
10.730000 0.287759	-0.755606
10.740000 0.280203	-0.756933
10.750000 0.272634	-0.758185
10.760000 0.265052	-0.759361
10.770000 0.257458	-0.760462
10.780000 0.249854	-0.761487
10.790000 0.242239	-0.762437
10.800000 0.234614	-0.763311
10.810000 0.226981	-0.764109
10.820000 0.219340	-0.764831
10.830000 0.211692	-0.765477
10.840000 0.204037	-0.766047
10.850000 0.196377	-0.766541
10.860000 0.188711	-0.766960
10.870000 0.181042	-0.767302
10.880000 0.173369	-0.767567
10.890000 0.165693	-0.767757
10.900000 0.158015	-0.767871
10.910000 0.150337	-0.767909
10.920000 0.142658	-0.767871
10.930000 0.134979	-0.767757
10.940000 0.127301	-0.767567
10.950000 0.119626	-0.767302
10.960000 0.111953	-0.766960
10.970000 0.104283	-0.766544
10.980000 0.096618	-0.766051
10.990000 0.088957	-0.765484
11.000000 0.081302	-0.764841
11.010000 0.073654	-0.764124
11.020000 0.066013	-0.763332
11.030000 0.058379	-0.762465
11.040000 0.050755	-0.761523
11.050000 0.043139	-0.760507
11.060000 0.035534	-0.759418
11.070000 0.027940	-0.758254
11.080000 0.020358	-0.757017
11.090000 0.012787	-0.755706
11.100000 0.005230	-0.754323
11.110000 -0.002313	-0.752866
11.120000 -0.009842	-0.751338
11.130000 -0.017355	-0.749737
11.140000 -0.024852	-0.748064
11.150000 -0.032333	-0.746319
11.160000 -0.039796	-0.744503
11.170000 -0.047241	-0.742616
11.180000 -0.054667	-0.740659
11.190000 -0.062074	-0.738631
11.200000 -0.069460	-0.736533
11.210000 -0.076826	-0.734366
11.220000 -0.084169	-0.732130
11.230000 -0.091491	-0.729825
11.240000 -0.098789	-0.727452
11.250000 -0.106063	-0.725011
11.260000 -0.113313	-0.722502
11.270000 -0.120538	-0.719926
11.280000 -0.127738	-0.717284
11.290000 -0.134911	-0.714575
11.300000 -0.142056	-0.711801
11.310000 -0.149174	-0.708962
11.320000 -0.156264	-0.706058
11.330000 -0.163324	-0.703089
11.340000 -0.170355	-0.700057
11.350000 -0.177356	-0.696962
11.360000 -0.184326	-0.693803
11.370000 -0.191264	-0.690583
11.380000 -0.198169	-0.687301
11.390000 -0.205042	-0.683958
11.400000 -0.211882	-0.680554
11.410000 -0.218688	-0.677089
11.420000 -0.225458	-0.673566
11.430000 -0.232194	-0.669983
11.440000 -0.238894	-0.666342
11.450000 -0.245557	-0.662643
11.460000 -0.252184	-0.658887
11.470000 -0.258773	-0.655074
11.480000 -0.265323	-0.651205
11.490000 -0.271835	-0.647280
11.500000 -0.278308	-0.643301
11.510000 -0.284741	-0.639267
11.520000 -0.291134	-0.635179
11.530000 -0.297486	-0.631038
11.540000 -0.303796	-0.626845
11.550000 -0.310065	-0.622600
11.560000 -0.316291	-0.618303
11.570000 -0.322474	-0.613956
11.580000 -0.328613	-0.609559
11.590000 -0.334709	-0.605113
11.600000 -0.340760	-0.600618
11.610000 -0.346766	-0.596075
11.620000 -0.352727	-0.591484
11.630000 -0.358642	-0.586846
11.640000 -0.364510	-0.582163
11.650000 -0.370332	-0.577433
11.660000 -0.376106	-0.572659
11.670000 -0.381833	-0.567841
11.680000 -0.387511	-0.562979
11.690000 -0.393141	-0.558074
11.700000 -0.398722	-0.553127
11.710000 -0.404253	-0.548138
11.720000 -0.409734	-0.543109
11.730000 -0.415165	-0.538039
11.740000 -0.420546	-0.532929
11.750000 -0.425875	-0.527781
11.760000 -0.431153	-0.522594
11.770000 -0.436379	-0.517370
11.780000 -0.441552	-0.512109
11.790000 -0.446674	-0.506811
11.800000 -0.451742	-0.501478
11.810000 -0.456756	-0.496109
11.820000 -0.461718	-0.490707
11.830000 -0.466625	-0.485270
11.840000 -0.471477	-0.479801
11.850000 -0.476275	-0.474300
11.860000 -0.481018	-0.468766
11.870000 -0.485706	-0.463202
11.880000 -0.490338	-0.457607
11.890000 -0.494914	-0.451983
11.900000 -0.499434	-0.446329
11.910000 -0.503897	-0.440647
11.920000 -0.508304	-0.434937
11.930000 -0.512653	-0.429201
11.940000 -0.516945	-0.423437
11.950000 -0.521179	-0.417648
11.960000 -0.525356	-0.411834
11.970000 -0.529474	-0.405995
11.980000 -0.533534	-0.400132
11.990000 -0.537535	-0.394246
12.000000 -0.541478	-0.388337
12.010000 -0.545361	-0.382407
12.020000 -0.549185	-0.376455
12.030000 -0.552950	-0.370482
12.040000 -0.556655	-0.364489
12.050000 -0.560300	-0.358476
12.060000 -0.563884	-0.352445
12.070000 -0.567409	-0.346395
12.080000 -0.570873	-0.340328
12.090000 -0.574276	-0.334244
12.100000 -0.577619	-0.328143
12.110000 -0.580900	-0.322026
12.120000 -0.584120	-0.315895
12.130000 -0.587279	-0.309748
12.140000 -0.590377	-0.303588
12.150000 -0.593413	-0.297414
12.160000 -0.596387	-0.291227
12.170000 -0.599299	-0.285028
12.180000 -0.602149	-0.278817
12.190000 -0.604937	-0.272596
12.200000 -0.607663	-0.266363
12.210000 -0.610327	-0.260121
12.220000 -0.612928	-0.253869
12.230000 -0.615467	-0.247609
12.240000 -0.617943	-0.241340
12.250000 -0.620356	-0.235064
12.260000 -0.622707	-0.228781
12.270000 -0.624995	-0.222491
12.280000 -0.627220	-0.216195
12.290000 -0.629382	-0.209894
12.300000 -0.631481	-0.203587
12.310000 -0.633516	-0.197277
12.320000 -0.635489	-0.190962
12.330000 -0.637399	-0.184645
12.340000 -0.639245	-0.178324
12.350000 -0.641029	-0.172002
12.360000 -0.642749	-0.165678
12.370000 -0.644405	-0.159352
12.380000 -0.645999	-0.153026
12.390000 -0.647529	-0.146700
12.400000 -0.648996	-0.140375
12.410000 -0.650400	-0.134050
12.420000 -0.651740	-0.127727
12.430000 -0.653018	-0.121406
12.440000 -0.654232	-0.115087
12.450000 -0.655383	-0.108771
12.460000 -0.656470	-0.102459
12.470000 -0.657495	-0.096151
12.480000 -0.658456	-0.089847
12.490000 -0.659355	-0.083549
12.500000 -0.660190	-0.077256
12.510000 -0.660963	-0.070968
12.520000 -0.661673	-0.064688
12.530000 -0.662320	-0.058414
12.540000 -0.662904	-0.052148
12.550000 -0.663425	-0.045889
12.560000 -0.663884	-0.039639
12.570000 -0.664280	-0.033398
12.580000 -0.664614	-0.027167
12.590000 -0.664886	-0.020945
12.600000 -0.665096	-0.014733
12.610000 -0.665243	-0.008532
12.620000 -0.665328	-0.002343
12.630000 -0.665352	0.003835
12.640000 -0.665313	0.010001
12.650000 -0.665213	0.016154
12.660000 -0.665052	0.022294
12.670000 -0.664829	0.028420
12.680000 -0.664545	0.034533
12.690000 -0.664199	0.040631
12.700000 -0.663793	0.046714
12.710000 -0.663326	0.052781
12.720000 -0.662798	0.058833
12.730000 -0.662210	0.064869
12.740000 -0.661561	0.070888
12.750000 -0.660852	0.076889
12.760000 -0.660083	0.082873
12.770000 -0.659254	0.088840
12.780000 -0.658366	0.094787
12.790000 -0.657418	0.100716
12.800000 -0.656411	0.106625
12.810000 -0.655345	0.112515
12.820000 -0.654220	0.118384
12.830000 -0.653036	0.124233
12.840000 -0.651793	0.130060
12.850000 -0.650493	0.135866
12.860000 -0.649134	0.141650
12.870000 -0.647718	0.147412
12.880000 -0.646244	0.153151
12.890000 -0.644712	0.158866
12.900000 -0.643123	0.164558
12.910000 -0.641478	0.170226
12.920000 -0.639776	0.175869
12.930000 -0.638017	0.181488
12.940000 -0.636202	0.187081
12.950000 -0.634331	0.192648
12.960000 -0.632405	0.198189
12.970000 -0.630423	0.203704
12.980000 -0.628386	0.209191
12.990000 -0.626294	0.214651
13.000000 -0.624147	0.220083
13.010000 -0.621946	0.225487
13.020000 -0.619692	0.230863
13.030000 -0.617383	0.236209
13.040000 -0.615021	0.241525
13.050000 -0.612606	0.246812
13.060000 -0.610138	0.252068
13.070000 -0.607617	0.257294
13.080000 -0.605044	0.262489
13.090000 -0.602419	0.267652
13.100000 -0.599743	0.272783
13.110000 -0.597015	0.277881
13.120000 -0.594236	0.282947
13.130000 -0.591406	0.287980
13.140000 -0.588527	0.292980
13.150000 -0.585597	0.297945
13.160000 -0.582617	0.302876
13.170000 -0.579589	0.307772
13.180000 -0.576511	0.312634
13.190000 -0.573385	0.317459
13.200000 -0.570210	0.322249
13.210000 -0.566987	0.327003
13.220000 -0.563717	0.331720
13.230000 -0.560400	0.336400
13.240000 -0.557036	0.341042
13.250000 -0.553626	0.345647
13.260000 -0.550169	0.350213
13.270000 -0.546667	0.354741
13.280000 -0.543120	0.359230
13.290000 -0.539527	0.363680
13.300000 -0.535891	0.368090
13.310000 -0.532210	0.372460
13.320000 -0.528485	0.376789
13.330000 -0.524717	0.381078
13.340000 -0.520907	0.385325
13.350000 -0.517053	0.389531
13.360000 -0.513158	0.393695
13.370000 -0.509221	0.397817
13.380000 -0.505243	0.401897
13.390000 -0.501224	0.405933
13.400000 -0.497165	0.409926
13.410000 -0.493065	0.413876
13.420000 -0.488927	0.417781
13.430000 -0.484749	0.421642
13.440000 -0.480532	0.425459
13.450000 -0.476278	0.429231
13.460000 -0.471985	0.432957
13.470000 -0.467656	0.436638
13.480000 -0.463289	0.440272
13.490000 -0.458887	0.443861
13.500000 -0.454448	0.447402
13.510000 -0.449974	0.450897
13.520000 -0.445465	0.454345
13.530000 -0.440922	0.457745
13.540000 -0.436344	0.461097
13.550000 -0.431733	0.464401
13.560000 -0.427089	0.467657
13.570000 -0.422413	0.470864
13.580000 -0.417704	0.474022
13.590000 -0.412964	0.477130
13.600000 -0.408193	0.480189
13.610000 -0.403391	0.483198
13.620000 -0.398559	0.486157
13.630000 -0.393697	0.489066
13.640000 -0.388806	0.491924
13.650000 -0.383887	0.494731
13.660000 -0.378940	0.497487
13.670000 -0.373965	0.500191
13.680000 -0.368963	0.502844
13.690000 -0.363935	0.505445
13.700000 -0.358880	0.507993
13.710000 -0.353800	0.510490
13.720000 -0.348695	0.512933
13.730000 -0.343566	0.515324
13.740000 -0.338413	0.517662
13.750000 -0.333236	0.519947
13.760000 -0.328037	0.522178
13.770000 -0.322815	0.524355
13.780000 -0.317571	0.526479
13.790000 -0.312307	0.528548
13.800000 -0.307021	0.530564
13.810000 -0.301715	0.532525
13.820000 -0.296390	0.534432
13.830000 -0.291046	0.536283
13.840000 -0.285683	0.538080
13.850000 -0.280302	0.539822
13.860000 -0.274904	0.541509
13.870000 -0.269489	0.543141
13.880000 -0.264058	0.544717
13.890000 -0.258610	0.546237
13.900000 -0.253148	0.547702
13.910000 -0.247671	0.549111
13.920000 -0.242180	0.550465
13.930000 -0.236675	0.551762
13.940000 -0.231158	0.553003
13.950000 -0.225628	0.554188
13.960000 -0.220086	0.555317
13.970000 -0.214533	0.556389
13.980000 -0.208969	0.557405
13.990000 -0.203395	0.558365
14.000000 -0.197811	0.559268
14.010000 -0.192218	0.560115
14.020000 -0.186617	0.560905
14.030000 -0.181008	0.561639
14.040000 -0.175392	0.562316
14.050000 -0.169768	0.562936
14.060000 -0.164139	0.563500
14.070000 -0.158504	0.564007
14.080000 -0.152864	0.564457
14.090000 -0.147219	0.564851
14.100000 -0.141571	0.565188
14.110000 -0.135919	0.565469
14.120000 -0.130264	0.565693
14.130000 -0.124607	0.565860
14.140000 -0.118949	0.565971
14.150000 -0.113289	0.566026
14.160000 -0.107629	0.566025
14.170000 -0.101969	0.565967
14.180000 -0.096309	0.565853
14.190000 -0.090650	0.565683
14.200000 -0.084994	0.565457
14.210000 -0.079339	0.565175
14.220000 -0.073687	0.564837
14.230000 -0.068039	0.564443
14.240000 -0.062395	0.563994
14.250000 -0.056755	0.563490
14.260000 -0.051120	0.562930
14.270000 -0.045490	0.562315
14.280000 -0.039867	0.561645
14.290000 -0.034251	0.560921
14.300000 -0.028642	0.560141
14.310000 -0.023040	0.559307
14.320000 -0.017447	0.558419
14.330000 -0.011863	0.557477
14.340000 -0.006288	0.556480
14.350000 -0.000723	0.555430
14.360000 0.004831	0.554327
14.370000 0.010374	0.553170
14.380000 0.015906	0.551960
14.390000 0.021426	0.550697
14.400000 0.026933	0.549381
14.410000 0.032426	0.548013
14.420000 0.037906	0.546593
14.430000 0.043372	0.545121
14.440000 0.048824	0.543597
14.450000 0.054260	0.542022
14.460000 0.059680	0.540395
14.470000 0.065084	0.538718
14.480000 0.070471	0.536990
14.490000 0.075841	0.535212
14.500000 0.081193	0.533384
14.510000 0.086527	0.531506
14.520000 0.091842	0.529579
14.530000 0.097138	0.527603
14.540000 0.102414	0.525578
14.550000 0.107669	0.523504
14.560000 0.112904	0.521382
14.570000 0.118118	0.519213
14.580000 0.123310	0.516996
14.590000 0.128480	0.514732
14.600000 0.133628	0.512421
14.610000 0.138752	0.510064
14.620000 0.143853	0.507661
14.630000 0.148929	0.505212
14.640000 0.153981	0.502718
14.650000 0.159008	0.500179
14.660000 0.164010	0.497595
14.670000 0.168986	0.494967
14.680000 0.173936	0.492295
14.690000 0.178859	0.489580
14.700000 0.183755	0.486822
14.710000 0.188623	0.484021
14.720000 0.193463	0.481178
14.730000 0.198275	0.478293
14.740000 0.203058	0.475367
14.750000 0.207811	0.472399
14.760000 0.212535	0.469391
14.770000 0.217229	0.466343
14.780000 0.221893	0.463255
14.790000 0.226525	0.460128
14.800000 0.231127	0.456962
14.810000 0.235696	0.453757
14.820000 0.240234	0.450514
14.830000 0.244739	0.447234
14.840000 0.249211	0.443917
14.850000 0.253650	0.440562
14.860000 0.258056	0.437172
14.870000 0.262428	0.433745
14.880000 0.266765	0.430284
14.890000 0.271068	0.426787
14.900000 0.275336	0.423256
14.910000 0.279568	0.419691
14.920000 0.283765	0.416092
14.930000 0.287926	0.412460
14.940000 0.292051	0.408795
14.950000 0.296139	0.405099
14.960000 0.300190	0.401370
14.970000 0.304204	0.397610
14.980000 0.308180	0.393820
14.990000 0.312118	0.389999
15.000000 0.316018	0.386148
15.010000 0.319879	0.382268
15.020000 0.323702	0.378359
15.030000 0.327486	0.374421
15.040000 0.331230	0.370456
15.050000 0.334934	0.366463
15.060000 0.338599	0.362443
15.070000 0.342223	0.358396
15.080000 0.345807	0.354324
15.090000 0.349351	0.350226
15.100000 0.352853	0.346102
15.110000 0.356314	0.341954
15.120000 0.359733	0.337782
15.130000 0.363111	0.333586
15.140000 0.366447	0.329367
15.150000 0.369741	0.325126
15.160000 0.372992	0.320862
15.170000 0.376201	0.316576
15.180000 0.379366	0.312269
15.190000 0.382489	0.307941
15.200000 0.385569	0.303593
15.210000 0.388604	0.299225
15.220000 0.391597	0.294837
15.230000 0.394545	0.290431
15.240000 0.397449	0.286006
15.250000 0.400309	0.281564
15.260000 0.403125	0.277103
15.270000 0.405896	0.272626
15.280000 0.408622	0.268133
15.290000 0.411304	0.263623
15.300000 0.413940	0.259098
15.310000 0.416531	0.254557
15.320000 0.419076	0.250002
15.330000 0.421577	0.245433
15.340000 0.424031	0.240850
15.350000 0.426439	0.236254
15.360000 0.428802	0.231645
15.370000 0.431118	0.227024
15.380000 0.433389	0.222391
15.390000 0.435612	0.217747
15.400000 0.437790	0.213092
15.410000 0.439921	0.208426
15.420000 0.442005	0.203751
15.430000 0.444043	0.199066
15.440000 0.446033	0.194372
15.450000 0.447977	0.189669
15.460000 0.449874	0.184958
15.470000 0.451723	0.180240
15.480000 0.453526	0.175514
15.490000 0.455281	0.170782
15.500000 0.456989	0.166043
15.510000 0.458649	0.161298
15.520000 0.460262	0.156548
15.530000 0.461828	0.151793
15.540000 0.463345	0.147034
15.550000 0.464816	0.142271
15.560000 0.466239	0.137503
15.570000 0.467614	0.132733
15.580000 0.468941	0.127960
15.590000 0.470220	0.123185
15.600000 0.471452	0.118408
15.610000 0.472636	0.113629
15.620000 0.473773	0.108849
15.630000 0.474861	0.104069
15.640000 0.475902	0.099289
15.650000 0.476895	0.094509
15.660000 0.477840	0.089730
15.670000 0.478737	0.084952
15.680000 0.479587	0.080175
15.690000 0.480388	0.075401
15.700000 0.481142	0.070629
15.710000 0.481849	0.065859
15.720000 0.482507	0.061093
15.730000 0.483118	0.056331
15.740000 0.483682	0.051573
15.750000 0.484197	0.046820
15.760000 0.484665	0.042071
15.770000 0.485086	0.037328
15.780000 0.485459	0.032590
15.790000 0.485785	0.027859
15.800000 0.486064	0.023134
15.810000 0.486295	0.018416
15.820000 0.486479	0.013706
15.830000 0.486617	0.009003
15.840000 0.486707	0.004309
15.850000 0.486750	-0.000377
15.860000 0.486746	-0.005054
15.870000 0.486695	-0.009721
15.880000 0.486598	-0.014379
15.890000 0.486454	-0.019026
15.900000 0.486264	-0.023663
15.910000 0.486027	-0.028289
15.920000 0.485745	-0.032903
15.930000 0.485416	-0.037506
15.940000 0.485040	-0.042097
15.950000 0.484619	-0.046675
15.960000 0.484153	-0.051241
15.970000 0.483640	-0.055793
15.980000 0.483082	-0.060331
15.990000 0.482479	-0.064856
16.000000 0.481831	-0.069366
16.010000 0.481137	-0.073861
16.020000 0.480398	-0.078341
16.030000 0.479615	-0.082806
16.040000 0.478787	-0.087255
16.050000 0.477914	-0.091687
16.060000 0.476997	-0.096103
16.070000 0.476036	-0.100502
16.080000 0.475031	-0.104884
16.090000 0.473982	-0.109247
16.100000 0.472890	-0.113593
16.110000 0.471754	-0.117921
16.120000 0.470575	-0.122229
16.130000 0.469353	-0.126519
16.140000 0.468087	-0.130789
16.150000 0.466780	-0.135039
16.160000 0.465429	-0.139269
16.170000 0.464036	-0.143479
16.180000 0.462602	-0.147667
16.190000 0.461125	-0.151835
16.200000 0.459607	-0.155981
16.210000 0.458047	-0.160105
16.220000 0.456446	-0.164206
16.230000 0.454804	-0.168286
16.240000 0.453121	-0.172342
16.250000 0.451397	-0.176375
16.260000 0.449634	-0.180385
16.270000 0.447830	-0.184370
16.280000 0.445986	-0.188331
16.290000 0.444103	-0.192268
16.300000 0.442180	-0.196180
16.310000 0.440218	-0.200067
16.320000 0.438218	-0.203928
16.330000 0.436178	-0.207764
16.340000 0.434101	-0.211573
16.350000 0.431985	-0.215356
16.360000 0.429831	-0.219112
16.370000 0.427640	-0.222841
16.380000 0.425412	-0.226542
16.390000 0.423146	-0.230216
16.400000 0.420844	-0.233862
16.410000 0.418506	-0.237480
16.420000 0.416131	-0.241069
16.430000 0.413720	-0.244629
16.440000 0.411274	-0.248160
16.450000 0.408792	-0.251661
16.460000 0.406276	-0.255133
16.470000 0.403724	-0.258574
16.480000 0.401139	-0.261986
16.490000 0.398519	-0.265366
16.500000 0.395865	-0.268716
16.510000 0.393178	-0.272035
16.520000 0.390458	-0.275322
16.530000 0.387704	-0.278577
16.540000 0.384919	-0.281801
16.550000 0.382101	-0.284992
16.560000 0.379251	-0.288151
16.570000 0.376369	-0.291277
16.580000 0.373456	-0.294370
16.590000 0.370513	-0.297429
16.600000 0.367538	-0.300455
16.610000 0.364534	-0.303448
16.620000 0.361499	-0.306406
16.630000 0.358435	-0.309330
16.640000 0.355342	-0.312219
16.650000 0.352220	-0.315074
16.660000 0.349069	-0.317894
16.670000 0.345890	-0.320678
16.680000 0.342683	-0.323427
16.690000 0.339449	-0.326140
16.700000 0.336188	-0.328818
16.710000 0.332900	-0.331459
16.720000 0.329585	-0.334064
16.730000 0.326244	-0.336632
16.740000 0.322878	-0.339164
16.750000 0.319486	-0.341659
16.760000 0.316070	-0.344116
16.770000 0.312629	-0.346536
16.780000 0.309163	-0.348919
16.790000 0.305674	-0.351264
16.800000 0.302161	-0.353570
16.810000 0.298626	-0.355839
16.820000 0.295067	-0.358070
16.830000 0.291487	-0.360261
16.840000 0.287884	-0.362415
16.850000 0.284260	-0.364529
16.860000 0.280615	-0.366604
16.870000 0.276949	-0.368641
16.880000 0.273262	-0.370638
16.890000 0.269556	-0.372595
16.900000 0.265830	-0.374513
16.910000 0.262085	-0.376391
16.920000 0.258321	-0.378229
16.930000 0.254538	-0.380027
16.940000 0.250738	-0.381785
16.950000 0.246920	-0.383503
16.960000 0.243085	-0.385180
16.970000 0.239233	-0.386817
16.980000 0.235365	-0.388413
16.990000 0.231481	-0.389968
17.000000 0.227582	-0.391482
17.010000 0.223667	-0.392955
17.020000 0.219737	-0.394387
17.030000 0.215793	-0.395778
17.040000 0.211835	-0.397128
17.050000 0.207864	-0.398436
17.060000 0.203880	-0.399703
17.070000 0.199883	-0.400929
17.080000 0.195874	-0.402112
17.090000 0.191852	-0.403254
17.100000 0.187820	-0.404354
17.110000 0.183776	-0.405413
17.120000 0.179722	-0.406430
17.130000 0.175658	-0.407404
17.140000 0.171584	-0.408337
17.150000 0.167500	-0.409228
17.160000 0.163408	-0.410077
17.170000 0.159307	-0.410883
17.180000 0.155199	-0.411648
17.190000 0.151082	-0.412370
17.200000 0.146958	-0.413051
17.210000 0.142828	-0.413689
17.220000 0.138691	-0.414285
17.230000 0.134548	-0.414839
17.240000 0.130400	-0.415350
17.250000 0.126246	-0.415820
17.260000 0.122088	-0.416248
17.270000 0.117926	-0.416633
17.280000 0.113759	-0.416976
17.290000 0.109590	-0.417277
17.300000 0.105417	-0.417536
17.310000 0.101241	-0.417754
17.320000 0.097064	-0.417929
17.330000 0.092885	-0.418062
17.340000 0.088704	-0.418153
17.350000 0.084522	-0.418203
17.360000 0.080340	-0.418211
17.370000 0.076158	-0.418177
17.380000 0.071977	-0.418101
17.390000 0.067795	-0.417984
17.400000 0.063616	-0.417826
17.410000 0.059437	-0.417626
17.420000 0.055261	-0.417385
17.430000 0.051087	-0.417102
17.440000 0.046916	-0.416779
17.450000 0.042748	-0.416414
17.460000 0.038584	-0.416009
17.470000 0.034424	-0.415562
17.480000 0.030269	-0.415075
17.490000 0.026118	-0.414548
17.500000 0.021972	-0.413980
17.510000 0.017833	-0.413372
17.520000 0.013699	-0.412723
17.530000 0.009572	-0.412035
17.540000 0.005451	-0.411306
17.550000 0.001338	-0.410538
17.560000 -0.002767	-0.409731
17.570000 -0.006864	-0.408884
17.580000 -0.010953	-0.407997
17.590000 -0.015033	-0.407072
17.600000 -0.019104	-0.406107
17.610000 -0.023165	-0.405104
17.620000 -0.027216	-0.404062
17.630000 -0.031257	-0.402982
17.640000 -0.035287	-0.401863
17.650000 -0.039305	-0.400707
17.660000 -0.043312	-0.399512
17.670000 -0.047307	-0.398280
17.680000 -0.051290	-0.397011
17.690000 -0.055260	-0.395704
17.700000 -0.059217	-0.394361
17.710000 -0.063161	-0.392980
17.720000 -0.067091	-0.391563
17.730000 -0.071006	-0.390109
17.740000 -0.074907	-0.388620
17.750000 -0.078794	-0.387094
17.760000 -0.082665	-0.385533
17.770000 -0.086520	-0.383936
17.780000 -0.090359	-0.382304
17.790000 -0.094182	-0.380637
17.800000 -0.097989	-0.378935
17.810000 -0.101778	-0.377199
17.820000 -0.105550	-0.375429
17.830000 -0.109304	-0.373624
17.840000 -0.113041	-0.371786
17.850000 -0.116758	-0.369915
17.860000 -0.120458	-0.368010
17.870000 -0.124138	-0.366072
17.880000 -0.127798	-0.364102
17.890000 -0.131439	-0.362099
17.900000 -0.135060	-0.360064
17.910000 -0.138661	-0.357998
17.920000 -0.142241	-0.355899
17.930000 -0.145800	-0.353770
17.940000 -0.149338	-0.351610
17.950000 -0.152854	-0.349419
17.960000 -0.156348	-0.347197
17.970000 -0.159820	-0.344946
17.980000 -0.163269	-0.342664
17.990000 -0.166696	-0.340354
18.000000 -0.170100	-0.338014
18.010000 -0.173480	-0.335645
18.020000 -0.176836	-0.333247
18.030000 -0.180169	-0.330822
18.040000 -0.183477	-0.328368
18.050000 -0.186761	-0.325887
18.060000 -0.190019	-0.323378
18.070000 -0.193253	-0.320843
18.080000 -0.196462	-0.318281
18.090000 -0.199644	-0.315692
18.100000 -0.202801	-0.313077
18.110000 -0.205932	-0.310437
18.120000 -0.209037	-0.307772
18.130000 -0.212114	-0.305081
18.140000 -0.215165	-0.302365
18.150000 -0.218189	-0.299626
18.160000 -0.221185	-0.296862
18.170000 -0.224154	-0.294074
18.180000 -0.227094	-0.291263
18.190000 -0.230007	-0.288429
18.200000 -0.232891	-0.285572
18.210000 -0.235747	-0.282693
18.220000 -0.238574	-0.279792
18.230000 -0.241372	-0.276870
18.240000 -0.244141	-0.273925
18.250000 -0.246880	-0.270960
18.260000 -0.249589	-0.267975
18.270000 -0.252269	-0.264969
18.280000 -0.254919	-0.261943
18.290000 -0.257538	-0.258897
18.300000 -0.260127	-0.255832
18.310000 -0.262686	-0.252749
18.320000 -0.265213	-0.249646
18.330000 -0.267709	-0.246526
18.340000 -0.270175	-0.243388
18.350000 -0.272609	-0.240232
18.360000 -0.275011	-0.237059
18.370000 -0.277382	-0.233869
18.380000 -0.279720	-0.230663
18.390000 -0.282027	-0.227441
18.400000 -0.284301	-0.224203
18.410000 -0.286543	-0.220950
18.420000 -0.288753	-0.217682
18.430000 -0.290930	-0.214399
18.440000 -0.293074	-0.211101
18.450000 -0.295185	-0.207790
18.460000 -0.297262	-0.204465
18.470000 -0.299307	-0.201127
18.480000 -0.301318	-0.197777
18.490000 -0.303296	-0.194413
18.500000 -0.305240	-0.191038
18.510000 -0.307151	-0.187650
18.520000 -0.309027	-0.184252
18.530000 -0.310870	-0.180842
18.540000 -0.312678	-0.177421
18.550000 -0.314452	-0.173990
18.560000 -0.316192	-0.170550
18.570000 -0.317898	-0.167099
18.580000 -0.319569	-0.163639
18.590000 -0.321205	-0.160170
18.600000 -0.322807	-0.156693
18.610000 -0.324374	-0.153207
18.620000 -0.325906	-0.149713
18.630000 -0.327403	-0.146212
18.640000 -0.328865	-0.142704
18.650000 -0.330292	-0.139189
18.660000 -0.331684	-0.135667
18.670000 -0.333041	-0.132140
18.680000 -0.334362	-0.128606
18.690000 -0.335648	-0.125067
18.700000 -0.336899	-0.121523
18.710000 -0.338114	-0.117975
18.720000 -0.339294	-0.114422
18.730000 -0.340438	-0.110865
18.740000 -0.341547	-0.107304
18.750000 -0.342620	-0.103740
18.760000 -0.343657	-0.100173
18.770000 -0.344659	-0.096603
18.780000 -0.345625	-0.093031
18.790000 -0.346555	-0.089457
18.800000 -0.347450	-0.085882
18.810000 -0.348309	-0.082305
18.820000 -0.349132	-0.078727
18.830000 -0.349919	-0.075149
18.840000 -0.350670	-0.071571
18.850000 -0.351386	-0.067992
18.860000 -0.352066	-0.064414
18.870000 -0.352710	-0.060837
18.880000 -0.353319	-0.057261
18.890000 -0.353891	-0.053686
18.900000 -0.354428	-0.050113
18.910000 -0.354929	-0.046543
18.920000 -0.355395	-0.042974
18.930000 -0.355824	-0.039409
18.940000 -0.356218	-0.035846
18.950000 -0.356577	-0.032287
18.960000 -0.356900	-0.028732
18.970000 -0.357187	-0.025181
18.980000 -0.357439	-0.021634
18.990000 -0.357655	-0.018092
19.000000 -0.357836	-0.014555
19.010000 -0.357982	-0.011023
19.020000 -0.358092	-0.007498
19.030000 -0.358167	-0.003978
19.040000 -0.358207	-0.000464
19.050000 -0.358211	0.003043
19.060000 -0.358181	0.006543
19.070000 -0.358115	0.010035
19.080000 -0.358015	0.013520
19.090000 -0.357880	0.016997
19.100000 -0.357710	0.020466
19.110000 -0.357505	0.023927
19.120000 -0.357266	0.027378
19.130000 -0.356992	0.030821
19.140000 -0.356684	0.034254
19.150000 -0.356341	0.037677
19.160000 -0.355965	0.041090
19.170000 -0.355554	0.044493
19.180000 -0.355109	0.047885
19.190000 -0.354630	0.051266
19.200000 -0.354117	0.054636
19.210000 -0.353571	0.057994
19.220000 -0.352991	0.061341
19.230000 -0.352378	0.064675
19.240000 -0.351731	0.067997
19.250000 -0.351051	0.071306
19.260000 -0.350338	0.074602
19.270000 -0.349592	0.077885
19.280000 -0.348813	0.081155
19.290000 -0.348001	0.084410
19.300000 -0.347157	0.087652
19.310000 -0.346281	0.090879
19.320000 -0.345372	0.094091
19.330000 -0.344431	0.097288
19.340000 -0.343458	0.100470
19.350000 -0.342454	0.103637
19.360000 -0.341417	0.106787
19.370000 -0.340349	0.109922
19.380000 -0.339250	0.113040
19.390000 -0.338120	0.116142
19.400000 -0.336958	0.119227
19.410000 -0.335766	0.122295
19.420000 -0.334543	0.125345
19.430000 -0.333290	0.128378
19.440000 -0.332006	0.131393
19.450000 -0.330692	0.134389
19.460000 -0.329348	0.137367
19.470000 -0.327974	0.140327
19.480000 -0.326571	0.143267
19.490000 -0.325138	0.146189
19.500000 -0.323676	0.149091
19.510000 -0.322186	0.151973
19.520000 -0.320666	0.154836
19.530000 -0.319117	0.157678
19.540000 -0.317541	0.160500
19.550000 -0.315936	0.163301
19.560000 -0.314303	0.166082
19.570000 -0.312642	0.168841
19.580000 -0.310953	0.171579
19.590000 -0.309238	0.174296
19.600000 -0.307495	0.176990
19.610000 -0.305725	0.179663
19.620000 -0.303928	0.182314
19.630000 -0.302105	0.184942
19.640000 -0.300256	0.187547
19.650000 -0.298380	0.190130
19.660000 -0.296479	0.192689
19.670000 -0.294552	0.195225
19.680000 -0.292600	0.197738
19.690000 -0.290622	0.200227
19.700000 -0.288620	0.202692
19.710000 -0.286593	0.205133
19.720000 -0.284542	0.207550
19.730000 -0.282466	0.209942
19.740000 -0.280367	0.212309
19.750000 -0.278244	0.214651
19.760000 -0.276097	0.216969
19.770000 -0.273928	0.219261
19.780000 -0.271735	0.221528
19.790000 -0.269520	0.223768
19.800000 -0.267282	0.225984
19.810000 -0.265022	0.228173
19.820000 -0.262740	0.230336
19.830000 -0.260437	0.232472
19.840000 -0.258112	0.234582
19.850000 -0.255767	0.236666
19.860000 -0.253400	0.238722
19.870000 -0.251013	0.240752
19.880000 -0.248605	0.242754
19.890000 -0.246178	0.244729
19.900000 -0.243730	0.246677
19.910000 -0.241264	0.248597
19.920000 -0.238778	0.250489
19.930000 -0.236273	0.252353
19.940000 -0.233749	0.254189
19.950000 -0.231207	0.255997
19.960000 -0.228647	0.257776
19.970000 -0.226070	0.259528
19.980000 -0.223474	0.261250
19.990000 -0.220862	0.262944
