0.000000	1.100000	2.230000	2.940002
0.010000	1.213000	2.483360	2.886134
0.020000	1.340036	2.763158	2.839295
0.030000	1.482348	3.072688	2.800610
0.040000	1.641382	3.415504	2.771477
0.050000	1.818794	3.795446	2.753634
0.060000	2.016460	4.216671	2.749237
0.070000	2.236481	4.683675	2.760953
0.080000	2.481200	5.201305	2.792079
0.090000	2.753211	5.774751	2.846681
0.100000	3.055365	6.409527	2.929762
0.110000	3.390781	7.111419	3.047471
0.120000	3.762845	7.886391	3.207340
0.130000	4.175199	8.740436	3.418566
0.140000	4.631723	9.679356	3.692337
0.150000	5.136486	10.708426	4.042198
0.160000	5.693680	11.831931	4.484446
0.170000	6.307505	13.052512	5.038536
0.180000	6.982006	14.370282	5.727466
0.190000	7.720834	15.781649	6.578071
0.200000	8.526915	17.277784	7.621135
0.210000	9.402002	18.842695	8.891172
0.220000	10.346071	20.450880	10.425671
0.230000	11.356552	22.064624	12.263522
0.240000	12.427359	23.631099	14.442284
0.250000	13.547733	25.079654	16.993888
0.260000	14.700925	26.319936	19.938453
0.270000	15.862826	27.241859	23.276049
0.280000	17.000730	27.718793	26.976698
0.290000	18.072536	27.615573	30.969735
0.300000	19.026840	26.802711	35.134730
0.310000	19.804427	25.177171	39.297536
0.320000	20.341701	22.687986	43.235823
0.330000	20.576330	19.361881	46.698019
0.340000	20.454885	15.320896	49.436734
0.350000	19.941486	10.782828	51.252325
0.360000	19.025620	6.038141	52.035887
0.370000	17.726872	1.404783	51.797092
0.380000	16.094663	-2.827745	50.664895
0.390000	14.202422	-6.447306	48.858748
0.400000	12.137450	-9.345281	46.640207
0.410000	9.989177	-11.514274	44.262221
0.420000	7.838832	-13.023593	41.931743
0.430000	5.752589	-13.985443	39.792694
0.440000	3.778786	-14.523974	37.927057
0.450000	1.948510	-14.753856	36.366864
0.460000	0.278273	-14.769347	35.109625
0.470000	-1.226489	-14.641438	34.132293
0.480000	-2.567984	-14.419811	33.401696
0.490000	-3.753166	-14.136899	32.881305
0.500000	-4.791540	-13.812326	32.535074
0.510000	-5.693618	-13.456903	32.329316
0.520000	-6.469947	-13.075839	32.233408
0.530000	-7.130536	-12.671182	32.219871
0.540000	-7.684601	-12.243570	32.264219
0.550000	-8.140498	-11.793446	32.344731
0.560000	-8.505792	-11.321829	32.442272
0.570000	-8.787396	-10.830760	32.540178
0.580000	-8.991733	-10.323489	32.624203
0.590000	-9.124908	-9.804459	32.682507
0.600000	-9.192863	-9.279140	32.705643
0.610000	-9.201491	-8.753765	32.686533
0.620000	-9.156718	-8.234996	32.620390
0.630000	-9.064546	-7.729570	32.504590
0.640000	-8.931049	-7.243954	32.338474
0.650000	-8.762339	-6.784043	32.123097
0.660000	-8.564509	-6.354923	31.860943
0.670000	-8.343551	-5.960703	31.555607
0.680000	-8.105266	-5.604432	31.211480
0.690000	-7.855183	-5.288089	30.833449
0.700000	-7.598473	-5.012635	30.426633
0.710000	-7.339889	-4.778122	29.996160
0.720000	-7.083713	-4.583825	29.546991
0.730000	-6.833724	-4.428402	29.083796
0.740000	-6.593192	-4.310054	28.610872
0.750000	-6.364878	-4.226678	28.132105
0.760000	-6.151058	-4.176003	27.650957
0.770000	-5.953552	-4.155713	27.170485
0.780000	-5.773768	-4.163541	26.693370
0.790000	-5.612746	-4.197347	26.221957
0.800000	-5.471206	-4.255171	25.758309
0.810000	-5.349602	-4.335267	25.304247
0.820000	-5.248169	-4.436126	24.861404
0.830000	-5.166965	-4.556484	24.431265
0.840000	-5.105916	-4.695314	24.015213
0.850000	-5.064856	-4.851821	23.614562
0.860000	-5.043553	-5.025419	23.230594
0.870000	-5.041739	-5.215712	22.864586
0.880000	-5.059137	-5.422469	22.517842
0.890000	-5.095470	-5.645594	22.191711
0.900000	-5.150482	-5.885098	21.887617
0.910000	-5.223944	-6.141064	21.607072
0.920000	-5.315656	-6.413617	21.351704
0.930000	-5.425452	-6.702881	21.123265
0.940000	-5.553195	-7.008946	20.923654
0.950000	-5.698770	-7.331820	20.754924
0.960000	-5.862075	-7.671382	20.619297
0.970000	-6.043006	-8.027331	20.519165
0.980000	-6.241438	-8.399125	20.457093
0.990000	-6.457207	-8.785919	20.435810
1.000000	-6.690078	-9.186495	20.458194
1.010000	-6.939720	-9.599183	20.527239
1.020000	-7.205666	-10.021780	20.646016
1.030000	-7.487278	-10.451466	20.817606
1.040000	-7.783696	-10.884717	21.045014
1.050000	-8.093798	-11.317225	21.331061
1.060000	-8.416141	-11.743823	21.678240
1.070000	-8.748909	-12.158433	22.088545
1.080000	-9.089862	-12.554036	22.563262
1.090000	-9.436279	-12.922688	23.102735
1.100000	-9.784920	-13.255581	23.706098
1.110000	-10.131986	-13.543180	24.370999
1.120000	-10.473105	-13.775438	25.093315
1.130000	-10.803339	-13.942104	25.866893
1.140000	-11.117215	-14.033130	26.683339
1.150000	-11.408807	-14.039174	27.531894
1.160000	-11.671843	-13.952188	28.399431
1.170000	-11.899878	-13.766045	29.270609
1.180000	-12.086495	-13.477183	30.128222
1.190000	-12.225563	-13.085184	30.953742
1.200000	-12.311526	-12.593221	31.728067
1.210000	-12.339695	-12.008307	32.432424
1.220000	-12.306556	-11.341276	33.049369
1.230000	-12.210028	-10.606460	33.563795
1.240000	-12.049671	-9.821054	33.963835
1.250000	-11.826810	-9.004221	34.241560
1.260000	-11.544551	-8.176002	34.393387
1.270000	-11.207696	-7.356154	34.420135
1.280000	-10.822542	-6.563043	34.326743
1.290000	-10.396592	-5.812698	34.121674
1.300000	-9.938202	-5.118126	33.816108
1.310000	-9.456195	-4.488928	33.423018
1.320000	-8.959468	-3.931227	32.956241
1.330000	-8.456644	-3.447862	32.429647
1.340000	-7.955766	-3.038784	31.856452
1.350000	-7.464068	-2.701586	31.248726
1.360000	-6.987820	-2.432083	30.617096
1.370000	-6.532246	-2.224884	29.970610
1.380000	-6.101510	-2.073910	29.316749
1.390000	-5.698750	-1.972830	28.661528
1.400000	-5.326158	-1.915403	28.009666
1.410000	-4.985082	-1.895734	27.364778
1.420000	-4.676147	-1.908443	26.729573
1.430000	-4.399377	-1.948765	26.106043
1.440000	-4.154316	-2.012600	25.495633
1.450000	-3.940144	-2.096513	24.899376
1.460000	-3.755781	-2.197717	24.318015
1.470000	-3.599975	-2.314027	23.752093
1.480000	-3.471380	-2.443811	23.202024
1.490000	-3.368623	-2.585929	22.668152
1.500000	-3.290354	-2.739679	22.150794
1.510000	-3.235286	-2.904742	21.650266
1.520000	-3.202232	-3.081127	21.166916
1.530000	-3.190121	-3.269127	20.701144
1.540000	-3.198022	-3.469278	20.253417
1.550000	-3.225147	-3.682322	19.824287
1.560000	-3.270865	-3.909178	19.414413
1.570000	-3.334696	-4.150909	19.024572
1.580000	-3.416317	-4.408703	18.655683
1.590000	-3.515556	-4.683848	18.308826
1.600000	-3.632385	-4.977708	17.985266
1.610000	-3.766917	-5.291704	17.686481
1.620000	-3.919396	-5.627289	17.414187
1.630000	-4.090185	-5.985916	17.170376
1.640000	-4.279759	-6.369009	16.957346
1.650000	-4.488684	-6.777918	16.777740
1.660000	-4.717607	-7.213870	16.634584
1.670000	-4.967233	-7.677907	16.531328
1.680000	-5.238301	-8.170804	16.471883
1.690000	-5.531551	-8.692973	16.460655
1.700000	-5.847693	-9.244348	16.502572
1.710000	-6.187359	-9.824239	16.603095
1.720000	-6.551047	-10.431164	16.768218
1.730000	-6.939058	-11.062652	17.004427
1.740000	-7.351418	-11.715014	17.318631
1.750000	-7.787777	-12.383096	17.718032
1.760000	-8.247309	-13.060002	18.209931
1.770000	-8.728579	-13.736819	18.801444
1.780000	-9.229403	-14.402354	19.499113
1.790000	-9.746698	-15.042912	20.308401
1.800000	-10.276319	-15.642160	21.233045
1.810000	-10.812903	-16.181132	22.274282
1.820000	-11.349726	-16.638437	23.429967
1.830000	-11.878597	-16.990739	24.693600
1.840000	-12.389811	-17.213585	26.053382
1.850000	-12.872189	-17.282632	27.491373
1.860000	-13.313233	-17.175277	28.982941
1.870000	-13.699438	-16.872663	30.496667
1.880000	-14.016760	-16.361907	31.994903
1.890000	-14.251275	-15.638332	33.435136
1.900000	-14.389980	-14.707372	34.772216
1.910000	-14.421720	-13.585778	35.961368
1.920000	-14.338126	-12.301754	36.961725
1.930000	-14.134488	-10.893793	37.739945
1.940000	-13.810419	-9.408164	38.273353
1.950000	-13.370193	-7.895289	38.552063
1.960000	-12.822703	-6.405505	38.579649
1.970000	-12.180983	-4.984853	38.372243
1.980000	-11.461370	-3.671563	37.956213
1.990000	-10.682389	-2.493729	37.364884
2.000000	-9.863523	-1.468398	36.634902
2.010000	-9.024011	-0.602009	35.802831
2.020000	-8.181811	0.108140	34.902439
2.030000	-7.352816	0.671803	33.962882
2.040000	-6.550354	1.103524	33.007832
2.050000	-5.784966	1.420520	32.055360
2.060000	-5.064417	1.640916	31.118395
2.070000	-4.393884	1.782435	30.205489
2.080000	-3.776252	1.861517	29.321712
2.090000	-3.212475	1.892813	28.469523
2.100000	-2.701946	1.888969	27.649549
2.110000	-2.242855	1.860610	26.861207
2.120000	-1.832508	1.816462	26.103195
2.130000	-1.467611	1.763539	25.373841
2.140000	-1.144496	1.707361	24.671340
2.150000	-0.859311	1.652191	23.993913
2.160000	-0.608160	1.601245	23.339894
2.170000	-0.387220	1.556891	22.707774
2.180000	-0.192809	1.520830	22.096220
2.190000	-0.021445	1.494239	21.504070
2.200000	0.130124	1.477903	20.930322
2.210000	0.264901	1.472324	20.374117
2.220000	0.385644	1.477801	19.834721
2.230000	0.494859	1.494512	19.311508
2.240000	0.594825	1.522563	18.803943
2.250000	0.687599	1.562038	18.311573
2.260000	0.775042	1.613035	17.834018
2.270000	0.858842	1.675695	17.370957
2.280000	0.940527	1.750225	16.922135
2.290000	1.021497	1.836913	16.487351
2.300000	1.103038	1.936145	16.066463
2.310000	1.186349	2.048415	15.659391
2.320000	1.272556	2.174334	15.266119
2.330000	1.362734	2.314636	14.886702
2.340000	1.457924	2.470189	14.521276
2.350000	1.559150	2.641997	14.170065
2.360000	1.667435	2.831206	13.833399
2.370000	1.783812	3.039113	13.511726
2.380000	1.909342	3.267165	13.205634
2.390000	2.045125	3.516969	12.915874
2.400000	2.192309	3.790288	12.643386
2.410000	2.352107	4.089050	12.389332
2.420000	2.525801	4.415339	12.155137
2.430000	2.714755	4.771395	11.942531
2.440000	2.920419	5.159602	11.753603
2.450000	3.144337	5.582469	11.590863
2.460000	3.388151	6.042603	11.457313
2.470000	3.653596	6.542668	11.356525
2.480000	3.942503	7.085327	11.292734
2.490000	4.256785	7.673158	11.270942
2.500000	4.598423	8.308546	11.297021
2.510000	4.969435	8.993535	11.377836
2.520000	5.371845	9.729627	11.521363
2.530000	5.807623	10.517537	11.736795
2.540000	6.278615	11.356868	12.034640
2.550000	6.786440	12.245703	12.426778
2.560000	7.332366	13.180113	12.926453
2.570000	7.917141	14.153559	13.548171
2.580000	8.540783	15.156195	14.307452
2.590000	9.202324	16.174084	15.220387
2.600000	9.899500	17.188365	16.302912
2.610000	10.628386	18.174434	17.569741
2.620000	11.382991	19.101258	19.032875
2.630000	12.154818	19.930973	20.699639
2.640000	12.932433	20.619008	22.570236
2.650000	13.701091	21.115019	24.634918
2.660000	14.442484	21.364922	26.870991
2.670000	15.134728	21.314329	29.240074
2.680000	15.752688	20.913504	31.686224
2.690000	16.268769	20.123690	34.135719
2.700000	16.654261	18.924247	36.499332
2.710000	16.881260	17.319504	38.677735
2.720000	16.925084	15.343772	40.570104
2.730000	16.766953	13.062834	42.085209
2.740000	16.396541	10.570545	43.153204
2.750000	15.813942	7.980239	43.735684
2.760000	15.030571	5.412004	43.831419
2.770000	14.068715	2.978332	43.476065
2.780000	12.959676	0.771265	42.735745
2.790000	11.740835	-1.146153	41.696107
2.800000	10.452136	-2.742729	40.449671
2.810000	9.132650	-4.016558	39.084366
2.820000	7.817729	-4.988689	37.675325
2.830000	6.537087	-5.695193	36.280672
2.840000	5.313859	-6.179555	34.940912
2.850000	4.164518	-6.486590	33.680805
2.860000	3.099407	-6.658302	32.512537
2.870000	2.123636	-6.731581	31.439190
2.880000	1.238114	-6.737301	30.457878
2.890000	0.440573	-6.700360	29.562273
2.900000	-0.273520	-6.640239	28.744446
2.910000	-0.910192	-6.571800	27.996109
2.920000	-1.476353	-6.506118	27.309380
2.930000	-1.979330	-6.451253	26.677202
2.940000	-2.426522	-6.412923	26.093519
2.950000	-2.825162	-6.395055	25.553320
2.960000	-3.182151	-6.400227	25.052586
2.970000	-3.503959	-6.430016	24.588199
2.980000	-3.796564	-6.485264	24.157835
2.990000	-4.065434	-6.566281	23.759859
3.000000	-4.315519	-6.672999	23.393227
3.010000	-4.551267	-6.805075	23.057397
3.020000	-4.776648	-6.961975	22.752266
3.030000	-4.995180	-7.143021	22.478103
3.040000	-5.209965	-7.347420	22.235509
3.050000	-5.423710	-7.574273	22.025375
3.060000	-5.638766	-7.822577	21.848853
3.070000	-5.857147	-8.091200	21.707328
3.080000	-6.080553	-8.378859	21.602394
3.090000	-6.310383	-8.684080	21.535825
3.100000	-6.547753	-9.005154	21.509550
3.110000	-6.793493	-9.340081	21.525611
3.120000	-7.048152	-9.686517	21.586127
3.130000	-7.311988	-10.041711	21.693232
3.140000	-7.584961	-10.402445	21.849009
3.150000	-7.866709	-10.764970	22.055405
3.160000	-8.156535	-11.124965	22.314124
3.170000	-8.453378	-11.477485	22.626507
3.180000	-8.755789	-11.816952	22.993384
3.190000	-9.061905	-12.137151	23.414910
3.200000	-9.369430	-12.431276	23.890385
3.210000	-9.675614	-12.692011	24.418064
3.220000	-9.977254	-12.911665	24.994962
3.230000	-10.270695	-13.082369	25.616676
3.240000	-10.551863	-13.196329	26.277232
3.250000	-10.816309	-13.246150	26.968982
3.260000	-11.059293	-13.225207	27.682571
3.270000	-11.275885	-13.128060	28.407002
3.280000	-11.461102	-12.950886	29.129806
3.290000	-11.610081	-12.691889	29.837345
3.300000	-11.718262	-12.351653	30.515241
3.310000	-11.781601	-11.933394	31.148921
3.320000	-11.796780	-11.443067	31.724248
3.330000	-11.761409	-10.889295	32.228203
3.340000	-11.674197	-10.283106	32.649540
3.350000	-11.535088	-9.637478	32.979378
3.360000	-11.345327	-8.966728	33.211641
3.370000	-11.107467	-8.285783	33.343324
3.380000	-10.825299	-7.609417	33.374532
3.390000	-10.503711	-6.951514	33.308308
3.400000	-10.148491	-6.324429	33.150276
3.410000	-9.766085	-5.738510	32.908125
3.420000	-9.363327	-5.201793	32.591025
3.430000	-8.947174	-4.719902	32.209013
3.440000	-8.524447	-4.296115	31.772425
3.450000	-8.101613	-3.931576	31.291402
3.460000	-7.684610	-3.625604	30.775507
3.470000	-7.278709	-3.376061	30.233460
3.480000	-6.888444	-3.179733	29.672989
3.490000	-6.517573	-3.032693	29.100763
3.500000	-6.169085	-2.930623	28.522420
3.510000	-5.845239	-2.869088	27.942634
3.520000	-5.547624	-2.843750	27.365220
3.530000	-5.277236	-2.850528	26.793260
3.540000	-5.034566	-2.885705	26.229220
3.550000	-4.819680	-2.945999	25.675074
3.560000	-4.632312	-3.028593	25.132411
3.570000	-4.471940	-3.131143	24.602524
3.580000	-4.337860	-3.251765	24.086495
3.590000	-4.229251	-3.389009	23.585262
3.600000	-4.145226	-3.541830	23.099667
3.610000	-4.084887	-3.709541	22.630508
3.620000	-4.047352	-3.891783	22.178574
3.630000	-4.031795	-4.088479	21.744674
3.640000	-4.037464	-4.299796	21.329670
3.650000	-4.063697	-4.526111	20.934495
3.660000	-4.109938	-4.767970	20.560184
3.670000	-4.175742	-5.026062	20.207886
3.680000	-4.260774	-5.301180	19.878898
3.690000	-4.364814	-5.594190	19.574679
3.700000	-4.487752	-5.905998	19.296876
3.710000	-4.629576	-6.237513	19.047352
3.720000	-4.790370	-6.589607	18.828206
3.730000	-4.970294	-6.963074	18.641800
3.740000	-5.169572	-7.358573	18.490783
3.750000	-5.388472	-7.776573	18.378114
3.760000	-5.627282	-8.217280	18.307082
3.770000	-5.886282	-8.680555	18.281315
3.780000	-6.165709	-9.165819	18.304787
3.790000	-6.465720	-9.671939	18.381810
3.800000	-6.786342	-10.197105	18.517001
3.810000	-7.127418	-10.738683	18.715237
3.820000	-7.488545	-11.293060	18.981567
3.830000	-7.868996	-11.855479	19.321091
3.840000	-8.267645	-12.419867	19.738782
3.850000	-8.682867	-12.978677	20.239258
3.860000	-9.112448	-13.522745	20.826479
3.870000	-9.553477	-14.041201	21.503373
3.880000	-10.002250	-14.521442	22.271387
3.890000	-10.454169	-14.949218	23.129969
3.900000	-10.903674	-15.308847	24.076002
3.910000	-11.344191	-15.583619	25.103218
3.920000	-11.768134	-15.756399	26.201651
3.930000	-12.166961	-15.810467	27.357192
3.940000	-12.531311	-15.730573	28.551339
3.950000	-12.851237	-15.504177	29.761236
3.960000	-13.116531	-15.122795	30.960101
3.970000	-13.317158	-14.583304	32.118105
3.980000	-13.443772	-13.889057	33.203725
3.990000	-13.488301	-13.050589	34.185528
4.000000	-13.444530	-12.085761	35.034239
4.010000	-13.308653	-11.019183	35.724890
4.020000	-13.079706	-9.880912	36.238755
4.030000	-12.759826	-8.704498	36.564806
4.040000	-12.354293	-7.524599	36.700448
4.050000	-11.871324	-6.374474	36.651405
4.060000	-11.321639	-5.283693	36.430793
4.070000	-10.717844	-4.276352	36.057530
4.080000	-10.073695	-3.369995	35.554353
4.090000	-9.403325	-2.575292	34.945743
4.100000	-8.720522	-1.896409	34.256043
4.110000	-8.038110	-1.331885	33.507948
4.120000	-7.367488	-0.875831	32.721484
4.130000	-6.718322	-0.519218	31.913459
4.140000	-6.098412	-0.251107	31.097338
4.150000	-5.513681	-0.059708	30.283410
4.160000	-4.968284	0.066789	29.479164
4.170000	-4.464777	0.139611	28.689755
4.180000	-4.004338	0.169010	27.918480
4.190000	-3.587003	0.164056	27.167238
4.200000	-3.211897	0.132544	26.436912
4.210000	-2.877453	0.081014	25.727688
4.220000	-2.581606	0.014819	25.039303
4.230000	-2.321964	-0.061762	24.371222
4.240000	-2.095944	-0.145404	23.722773
4.250000	-1.900890	-0.233598	23.093229
4.260000	-1.734160	-0.324534	22.481866
4.270000	-1.593198	-0.416982	21.887992
4.280000	-1.475576	-0.510189	21.310970
4.290000	-1.379038	-0.603789	20.750220
4.300000	-1.301513	-0.697728	20.205221
4.310000	-1.241134	-0.792201	19.675510
4.320000	-1.196241	-0.887597	19.160675
4.330000	-1.165376	-0.984460	18.660354
4.340000	-1.147285	-1.083458	18.174230
4.350000	-1.140902	-1.185353	17.702026
4.360000	-1.145347	-1.290989	17.243508
4.370000	-1.159911	-1.401278	16.798479
4.380000	-1.184048	-1.517193	16.366784
4.390000	-1.217363	-1.639764	15.948312
4.400000	-1.259603	-1.770079	15.542996
4.410000	-1.310650	-1.909287	15.150822
4.420000	-1.370514	-2.058602	14.771835
4.430000	-1.439323	-2.219310	14.406142
4.440000	-1.517322	-2.392777	14.053931
4.450000	-1.604867	-2.580456	13.715475
4.460000	-1.702426	-2.783899	13.391151
4.470000	-1.810573	-3.004765	13.081457
4.480000	-1.929992	-3.244828	12.787030
4.490000	-2.061476	-3.505989	12.508676
4.500000	-2.205927	-3.790279	12.247395
4.510000	-2.364362	-4.099867	12.004416
4.520000	-2.537913	-4.437062	11.781242
4.530000	-2.727828	-4.804310	11.579693
4.540000	-2.935476	-5.204184	11.401962
4.550000	-3.162347	-5.639374	11.250685
4.560000	-3.410050	-6.112651	11.129010
4.570000	-3.680310	-6.626834	11.040689
4.580000	-3.974962	-7.184721	10.990166
4.590000	-4.295938	-7.789008	10.982692
4.600000	-4.645245	-8.442171	11.024438
4.610000	-5.024938	-9.146306	11.122620
4.620000	-5.437074	-9.902921	11.285621
4.630000	-5.883659	-10.712665	11.523107
4.640000	-6.366560	-11.574982	11.846129
4.650000	-6.887402	-12.487678	12.267168
4.660000	-7.447430	-13.446385	12.800128
4.670000	-8.047325	-14.443921	13.460210
4.680000	-8.686985	-15.469546	14.263630
4.690000	-9.365241	-16.508127	15.227113
4.700000	-10.079529	-17.539257	16.367092
4.710000	-10.825502	-18.536407	17.698522
4.720000	-11.596593	-19.466229	19.233232
4.730000	-12.383556	-20.288213	20.977778
4.740000	-13.174022	-20.954932	22.930787
4.750000	-13.952113	-21.413202	25.079922
4.760000	-14.698222	-21.606483	27.398735
4.770000	-15.389048	-21.478793	29.843889
4.780000	-15.998022	-20.980248	32.353454
4.790000	-16.496245	-20.073979	34.847141
4.800000	-16.854018	-18.743718	37.229360
4.810000	-17.042988	-17.000763	39.395672
4.820000	-17.038766	-14.888592	41.242585
4.830000	-16.823748	-12.483333	42.679642
4.840000	-16.389707	-9.888834	43.641712
4.850000	-15.739620	-7.226315	44.098713
4.860000	-14.888289	-4.620176	44.060171
4.870000	-13.861478	-2.182889	43.573127
4.880000	-12.693619	-0.002395	42.713787
4.890000	-11.424497	1.865341	41.575085
4.900000	-10.095513	3.397573	40.253338
4.910000	-8.746204	4.600635	38.836940
4.920000	-7.411520	5.502449	37.398933
4.930000	-6.120123	6.144029	35.993838
4.940000	-4.893708	6.571821	34.658005
4.950000	-3.747155	6.831926	33.412208
4.960000	-2.689247	6.966411	32.265236
4.970000	-1.723681	7.011449	31.217507
4.980000	-0.850168	6.996794	30.264206
4.990000	-0.065472	6.946076	29.397696
5.000000	0.635683	6.877530	28.609229
5.010000	1.259868	6.804882	27.890055
5.020000	1.814369	6.738219	27.232071
5.030000	2.306754	6.684770	26.628157
5.040000	2.744556	6.649567	26.072292
5.050000	3.135057	6.635978	25.559549
5.060000	3.485149	6.646128	25.086020
5.070000	3.801247	6.681223	24.648703
5.080000	4.089244	6.741802	24.245391
5.090000	4.354500	6.827919	23.874552
5.100000	4.601842	6.939283	23.535235
5.110000	4.835586	7.075351	23.226979
5.120000	5.059563	7.235401	22.949743
5.130000	5.277147	7.418568	22.703845
5.140000	5.491289	7.623868	22.489913
5.150000	5.704547	7.850204	22.308846
5.160000	5.919112	8.096357	22.161777
5.170000	6.136837	8.360964	22.050043
5.180000	6.359250	8.642494	21.975155
5.190000	6.587574	8.939204	21.938764
5.200000	6.822737	9.249100	21.942621
5.210000	7.065373	9.569888	21.988541
5.220000	7.315825	9.898921	22.078343
5.230000	7.574135	10.233150	22.213790
5.240000	7.840036	10.569074	22.396509
5.250000	8.112940	10.902699	22.627903
5.260000	8.391916	11.229507	22.909037
5.270000	8.675675	11.544441	23.240515
5.280000	8.962552	11.841914	23.622342
5.290000	9.250488	12.115845	24.053766
5.300000	9.537024	12.359732	24.533123
5.310000	9.819294	12.566772	25.057674
5.320000	10.094042	12.730020	25.623454
5.330000	10.357640	12.842609	26.225153
5.340000	10.606137	12.898015	26.856024
5.350000	10.835325	12.890367	27.507862
5.360000	11.040829	12.814788	28.171051
5.370000	11.218225	12.667755	28.834700
5.380000	11.363178	12.447439	29.486892
5.390000	11.471604	12.154006	30.115019
5.400000	11.539844	11.789839	30.706231
5.410000	11.564844	11.359646	31.247948
5.420000	11.544324	10.870430	31.728415
5.430000	11.476934	10.331305	32.137263
5.440000	11.362372	9.753161	32.466008
5.450000	11.201450	9.148185	32.708460
5.460000	10.996124	8.529287	32.860985
5.470000	10.749440	7.909474	32.922605
5.480000	10.465444	7.301227	32.894915
5.490000	10.149022	6.715940	32.781845
5.500000	9.805714	6.163470	32.589287
5.510000	9.441490	5.651823	32.324633
5.520000	9.062523	5.186995	31.996281
5.530000	8.674970	4.772962	31.613141
5.540000	8.284769	4.411793	31.184198
5.550000	7.897472	4.103872	30.718147
5.560000	7.518112	3.848168	30.223119
5.570000	7.151117	3.642550	29.706499
5.580000	6.800261	3.484091	29.174828
5.590000	6.468644	3.369358	28.633779
5.600000	6.158715	3.294668	28.088183
5.610000	5.872310	3.256290	27.542093
5.620000	5.610708	3.250617	26.998875
5.630000	5.374699	3.274281	26.461305
5.640000	5.164657	3.324239	25.931671
5.650000	4.980615	3.397818	25.411862
5.660000	4.822336	3.492745	24.903462
5.670000	4.689377	3.607143	24.407818
5.680000	4.581153	3.739523	23.926112
5.690000	4.496990	3.888759	23.459411
5.700000	4.436167	4.054061	23.008720
5.710000	4.397957	4.234942	22.575014
5.720000	4.381655	4.431181	22.159280
5.730000	4.386608	4.642789	21.762539
5.740000	4.412226	4.869974	21.385881
5.750000	4.458001	5.113104	21.030479
5.760000	4.523511	5.372675	20.697622
5.770000	4.608427	5.649272	20.388733
5.780000	4.712512	5.943539	20.105390
5.790000	4.835615	6.256138	19.849349
5.800000	4.977667	6.587710	19.622569
5.810000	5.138671	6.938834	19.427228
5.820000	5.318687	7.309972	19.265746
5.830000	5.517816	7.701420	19.140800
5.840000	5.736176	8.113240	19.055341
5.850000	5.973883	8.545189	19.012601
5.860000	6.231013	8.996634	19.016091
5.870000	6.507575	9.466456	19.069589
5.880000	6.803464	9.952945	19.177117
5.890000	7.118412	10.453677	19.342885
5.900000	7.451938	10.965390	19.571223
5.910000	7.803283	11.483843	19.866471
5.920000	8.171339	12.003687	20.232828
5.930000	8.554574	12.518332	20.674162
5.940000	8.950950	13.019843	21.193754
5.950000	9.357839	13.498868	21.794001
5.960000	9.771942	13.944627	22.476045
5.970000	10.189211	14.344978	23.239360
5.980000	10.604787	14.686600	24.081299
5.990000	11.012969	14.955304	24.996630
6.000000	11.407202	15.136511	25.977092
6.010000	11.780133	15.215903	27.011040
6.020000	12.123710	15.180245	28.083217
6.030000	12.429364	15.018354	29.174759
6.040000	12.688263	14.722155	30.263470
6.050000	12.891652	14.287738	31.324450
6.060000	13.031260	13.716284	32.331078
6.070000	13.099763	13.014728	33.256342
6.080000	13.091259	12.196012	34.074427
6.090000	13.001735	11.278833	34.762410
6.100000	12.829444	10.286814	35.301879
6.110000	12.575181	9.247155	35.680261
6.120000	12.242379	8.188877	35.891657
6.130000	11.837029	7.140862	35.937084
6.140000	11.367412	6.129938	35.824051
6.150000	10.843664	5.179247	35.565582
6.160000	10.277223	4.307068	35.178811
6.170000	9.680207	3.526215	34.683379
6.180000	9.064808	2.843988	34.099857
6.190000	8.442726	2.262607	33.448353
6.200000	7.824714	1.779992	32.747445
6.210000	7.220242	1.390718	32.013480
6.220000	6.637289	1.087028	31.260222
6.230000	6.082263	0.859767	30.498786
6.240000	5.560014	0.699187	29.737799
6.250000	5.073931	0.595573	28.983686
6.260000	4.626095	0.539706	28.241026
6.270000	4.217456	0.523159	27.512918
6.280000	3.848026	0.538469	26.801322
6.290000	3.517071	0.579210	26.107359
6.300000	3.223285	0.639984	25.431551
6.310000	2.964955	0.716372	24.774022
6.320000	2.740096	0.804857	24.134638
6.330000	2.546572	0.902723	23.513118
6.340000	2.382188	1.007958	22.909105
6.350000	2.244765	1.119153	22.322222
6.360000	2.132203	1.235414	21.752100
6.370000	2.042524	1.356278	21.198400
6.380000	1.973900	1.481639	20.660826
6.390000	1.924674	1.611691	20.139131
6.400000	1.893375	1.746870	19.633120
6.410000	1.878725	1.887818	19.142658
6.420000	1.879634	2.035345	18.667667
6.430000	1.895205	2.190405	18.208132
6.440000	1.924725	2.354077	17.764107
6.450000	1.967660	2.527549	17.335719
6.460000	2.023649	2.712110	16.923178
6.470000	2.092495	2.909145	16.526788
6.480000	2.174160	3.120130	16.146959
6.490000	2.268757	3.346633	15.784220
6.500000	2.376545	3.590313	15.439245
6.510000	2.497922	3.852922	15.112868
6.520000	2.633422	4.136303	14.806111
6.530000	2.783710	4.442391	14.520218
6.540000	2.949578	4.773205	14.256685
6.550000	3.131941	5.130843	14.017305
6.560000	3.331831	5.517464	13.804215
6.570000	3.550394	5.935269	13.619944
6.580000	3.788882	6.386465	13.467480
6.590000	4.048640	6.873221	13.350332
6.600000	4.331098	7.397601	13.272604
6.610000	4.637748	7.961483	13.239074
6.620000	4.970122	8.566442	13.255275
6.630000	5.329754	9.213609	13.327572
6.640000	5.718139	9.903477	13.463242
6.650000	6.136673	10.635674	13.670526
6.660000	6.586573	11.408671	13.958664
6.670000	7.068783	12.219427	14.337883
6.680000	7.583847	13.062978	14.819313
6.690000	8.131760	13.931951	15.414818
6.700000	8.711780	14.816029	16.136679
6.710000	9.322204	15.701375	16.997118
6.720000	9.960121	16.570072	18.007587
6.730000	10.621117	17.399628	19.177796
6.740000	11.298968	18.162648	20.514436
6.750000	11.985336	18.826813	22.019590
6.760000	12.669483	19.355317	23.688872
6.770000	13.338067	19.707962	25.509403
6.780000	13.975056	19.843079	27.457831
6.790000	14.561859	19.720417	29.498722
6.800000	15.077714	19.304971	31.583768
6.810000	15.500440	18.571571	33.652304
6.820000	15.807553	17.509723	35.633607
6.830000	15.977770	16.127940	37.451260
6.840000	15.992787	14.456560	39.029470
6.850000	15.839164	12.548075	40.300717
6.860000	15.510055	10.474263	41.213568
6.870000	15.006476	8.320089	41.739131
6.880000	14.337837	6.175128	41.874667
6.890000	13.521567	4.124050	41.643417
6.900000	12.581815	2.238006	41.090590
6.910000	11.547434	0.568592	40.276450
6.920000	10.449550	-0.854709	39.268096
6.930000	9.319124	-2.023627	38.131660
6.940000	8.184849	-2.947573	36.926257
6.950000	7.071607	-3.648698	35.700327
6.960000	5.999576	-4.156748	34.490320
6.970000	4.983944	-4.504572	33.321214
6.980000	4.035092	-4.724733	32.208165
6.990000	3.159110	-4.847289	31.158655
7.000000	2.358470	-4.898601	30.174647
7.010000	1.632763	-4.900903	29.254478
7.020000	0.979396	-4.872377	28.394358
7.030000	0.394219	-4.827516	27.589474
7.040000	-0.127955	-4.777622	26.834742
7.050000	-0.592921	-4.731337	26.125280
7.060000	-1.006763	-4.695139	25.456677
7.070000	-1.375601	-4.673793	24.825118
7.080000	-1.705420	-4.670729	24.227424
7.090000	-2.001951	-4.688360	23.661031
7.100000	-2.270592	-4.728340	23.123945
7.110000	-2.516366	-4.791772	22.614683
7.120000	-2.743907	-4.879369	22.132218
7.130000	-2.957453	-4.991581	21.675926
7.140000	-3.160866	-5.128697	21.245539
7.150000	-3.357649	-5.290910	20.841117
7.160000	-3.550975	-5.478371	20.463018
7.170000	-3.743715	-5.691223	20.111887
7.180000	-3.938466	-5.929620	19.788646
7.190000	-4.137581	-6.193725	19.494498
7.200000	-4.343195	-6.483710	19.230928
7.210000	-4.557247	-6.799730	18.999717
7.220000	-4.781495	-7.141898	18.802951
7.230000	-5.017535	-7.510236	18.643041
7.240000	-5.266805	-7.904622	18.522734
7.250000	-5.530587	-8.324725	18.445128
7.260000	-5.810001	-8.769918	18.413676
7.270000	-6.105993	-9.239185	18.432189
7.280000	-6.419312	-9.731003	18.504821
7.290000	-6.750481	-10.243218	18.636034
7.300000	-7.099755	-10.772898	18.830552
7.310000	-7.467069	-11.316177	19.093266
7.320000	-7.851980	-11.868088	19.429112
7.330000	-8.253591	-12.422391	19.842895
7.340000	-8.670471	-12.971421	20.339058
7.350000	-9.100566	-13.505947	20.921380
7.360000	-9.541104	-14.015082	21.592608
7.370000	-9.988502	-14.486267	22.354013
7.380000	-10.438278	-14.905354	23.204882
7.390000	-10.884986	-15.256828	24.141963
7.400000	-11.322170	-15.524207	25.158897
7.410000	-11.742374	-15.690639	26.245687
7.420000	-12.137200	-15.739731	27.388273
7.430000	-12.497453	-15.656580	28.568300
7.440000	-12.813366	-15.428991	29.763171
7.450000	-13.074928	-15.048780	30.946479
7.460000	-13.272314	-14.513042	32.088878
7.470000	-13.396386	-13.825223	33.159412
7.480000	-13.439270	-12.995796	34.127264
7.490000	-13.394923	-12.042378	34.963766
7.500000	-13.259668	-10.989163	35.644490
7.510000	-13.032618	-9.865638	36.151120
7.520000	-12.715920	-8.704677	36.472865
7.530000	-12.314795	-7.540228	36.607160
7.540000	-11.837339	-6.404871	36.559557
7.550000	-11.294092	-5.327599	36.342826
7.560000	-10.697443	-4.332076	35.975412
7.570000	-10.060906	-3.435591	35.479513
7.580000	-9.398374	-2.648728	34.879068
7.590000	-8.723410	-1.975720	34.197920
7.600000	-8.048641	-1.415293	33.458348
7.610000	-7.385306	-0.961817	32.680060
7.620000	-6.742957	-0.606562	31.879647
7.630000	-6.129318	-0.338894	31.070444
7.640000	-5.550275	-0.147307	30.262692
7.650000	-5.009978	-0.020249	29.463883
7.660000	-4.511005	0.053294	28.679213
7.670000	-4.054576	0.083400	27.912049
7.680000	-3.640778	0.079000	27.164365
7.690000	-3.268800	0.047787	26.437124
7.700000	-2.937141	-0.003778	25.730589
7.710000	-2.643805	-0.070396	25.044568
7.720000	-2.386464	-0.147828	24.378591
7.730000	-2.162601	-0.232774	23.732040
7.740000	-1.969618	-0.322745	23.104235
7.750000	-1.804931	-0.415945	22.494494
7.760000	-1.666032	-0.511156	21.902164
7.770000	-1.550545	-0.607637	21.326637
7.780000	-1.456254	-0.705034	20.767362
7.790000	-1.381132	-0.803309	20.223847
7.800000	-1.323350	-0.902675	19.695652
7.810000	-1.281282	-1.003544	19.182394
7.820000	-1.253508	-1.106487	18.683734
7.830000	-1.238806	-1.212202	18.199384
7.840000	-1.236146	-1.321491	17.729096
7.850000	-1.244680	-1.435239	17.272667
7.860000	-1.263736	-1.554408	16.829938
7.870000	-1.292803	-1.680024	16.400795
7.880000	-1.331525	-1.813178	15.985171
7.890000	-1.379691	-1.955027	15.583053
7.900000	-1.437224	-2.106792	15.194489
7.910000	-1.504181	-2.269768	14.819592
7.920000	-1.580740	-2.445328	14.458554
7.930000	-1.667199	-2.634929	14.111656
7.940000	-1.763972	-2.840126	13.779284
7.950000	-1.871587	-3.062575	13.461945
7.960000	-1.990686	-3.304041	13.160288
7.970000	-2.122021	-3.566413	12.875128
7.980000	-2.266461	-3.851702	12.607480
7.990000	-2.424985	-4.162050	12.358587
8.000000	-2.598691	-4.499731	12.129962
8.010000	-2.788795	-4.867147	11.923438
8.020000	-2.996630	-5.266818	11.741222
8.030000	-3.223649	-5.701366	11.585958
8.040000	-3.471421	-6.173483	11.460799
8.050000	-3.741627	-6.685893	11.369493
8.060000	-4.036054	-7.241286	11.316475
8.070000	-4.356577	-7.842229	11.306972
8.080000	-4.705142	-8.491052	11.347113
8.090000	-5.083733	-9.189683	11.444047
8.100000	-5.494328	-9.939447	11.606059
8.110000	-5.938840	-10.740789	11.842678
8.120000	-6.419035	-11.592939	12.164759
8.130000	-6.936425	-12.493479	12.584529
8.140000	-7.492131	-13.437827	13.115550
8.150000	-8.086700	-14.418611	13.772591
8.160000	-8.719891	-15.424953	14.571321
8.170000	-9.390397	-16.441670	15.527801
8.180000	-10.095525	-17.448442	16.657675
8.190000	-10.830816	-18.419025	17.974993
8.200000	-11.589637	-19.320625	19.490602
8.210000	-12.362736	-20.113627	21.210056
8.220000	-13.137825	-20.751913	23.131064
8.230000	-13.899234	-21.184066	25.240601
8.240000	-14.627717	-21.355761	27.511958
8.250000	-15.300522	-21.213593	29.902184
8.260000	-15.891829	-20.710413	32.350603
8.270000	-16.373687	-19.811918	34.779205
8.280000	-16.717510	-18.503793	37.095724
8.290000	-16.896139	-16.798177	39.199903
8.300000	-16.886342	-14.737844	40.992842
8.310000	-16.671493	-12.396450	42.388410
8.320000	-16.243988	-9.873723	43.324753
8.330000	-15.606962	-7.285634	43.773342
8.340000	-14.774829	-4.751038	43.743148
8.350000	-13.772450	-2.377505	43.278651
8.360000	-12.632955	-0.249485	42.452023
8.370000	-11.394608	1.578727	41.351515
8.380000	-10.097275	3.084293	40.068946
8.390000	-8.779118	4.272084	38.689038
8.400000	-7.473998	5.167767	37.282304
8.410000	-6.209821	5.809848	35.901896
8.420000	-5.007854	6.242444	34.583755
8.430000	-3.882825	6.509724	33.348932
8.440000	-2.843570	6.652316	32.206888
8.450000	-1.893981	6.705419	31.158896
8.460000	-1.034041	6.698194	30.201013
8.470000	-0.260818	6.653971	29.326411
8.480000	0.430661	6.590891	28.527038
8.490000	1.046684	6.522712	27.794721
8.500000	1.594287	6.459634	27.121819
8.510000	2.080822	6.409038	26.501573
8.520000	2.513643	6.376127	25.928243
8.530000	2.899892	6.364443	25.397114
8.540000	3.246347	6.376279	24.904436
8.550000	3.559340	6.413009	24.447331
8.560000	3.844707	6.475331	24.023679
8.570000	4.107769	6.563455	23.632021
8.580000	4.353338	6.677247	23.271461
8.590000	4.585729	6.816324	22.941587
8.600000	4.808788	6.980126	22.642405
8.610000	5.025922	7.167960	22.374282
8.620000	5.240126	7.379024	22.137906
8.630000	5.454016	7.612415	21.934247
8.640000	5.669856	7.867118	21.764530
8.650000	5.889582	8.141989	21.630212
8.660000	6.114823	8.435723	21.532949
8.670000	6.346913	8.746815	21.474581
8.680000	6.586903	9.073509	21.457093
8.690000	6.835564	9.413749	21.482581
8.700000	7.093382	9.765114	21.553210
8.710000	7.360555	10.124758	21.671149
8.720000	7.636976	10.489349	21.838504
8.730000	7.922213	10.855008	22.057228
8.740000	8.215492	11.217257	22.329006
8.750000	8.515669	11.570984	22.655134
8.760000	8.821200	11.910425	23.036359
8.770000	9.130123	12.229174	23.472714
8.780000	9.440028	12.520229	23.963329
8.790000	9.748048	12.776090	24.506236
8.800000	10.050852	12.988902	25.098172
8.810000	10.344657	13.150672	25.734400
8.820000	10.625259	13.253534	26.408558
8.830000	10.888086	13.290093	27.112570
8.840000	11.128287	13.253816	27.836623
8.850000	11.340840	13.139459	28.569254
8.860000	11.520702	12.943507	29.297551
8.870000	11.662982	12.664585	30.007486
8.880000	11.763143	12.303806	30.684374
8.890000	11.817209	11.865001	31.313459
8.900000	11.821988	11.354793	31.880566
8.910000	11.775269	10.782485	32.372801
8.920000	11.675990	10.159751	32.779215
8.930000	11.524366	9.500133	33.091376
8.940000	11.321943	8.818383	33.303791
8.950000	11.071587	8.129707	33.414125
8.960000	10.777399	7.448980	33.423191
8.970000	10.444557	6.790011	33.334734
8.980000	10.079102	6.164922	33.155017
8.990000	9.687684	5.583693	32.892274
9.000000	9.277285	5.053908	32.556099
9.010000	8.854947	4.580687	32.156824
9.020000	8.427521	4.166795	31.704947
9.030000	8.001449	3.812892	31.210661
9.040000	7.582593	3.517864	30.683484
9.050000	7.176120	3.279207	30.132023
9.060000	6.786429	3.093419	29.563843
9.070000	6.417128	2.956356	28.985426
9.080000	6.071051	2.863556	28.402214
9.090000	5.750301	2.810502	27.818688
9.100000	5.456321	2.792823	27.238487
9.110000	5.189971	2.806445	26.664531
9.120000	4.951619	2.847691	26.099149
9.130000	4.741226	2.913337	25.544196
9.140000	4.558437	3.000639	25.001162
9.150000	4.402657	3.107333	24.471263
9.160000	4.273125	3.231618	23.955518
9.170000	4.168974	3.372127	23.454811
9.180000	4.089289	3.527894	22.969948
9.190000	4.033150	3.698308	22.501697
9.200000	3.999666	3.883080	22.050825
9.210000	3.988007	4.082196	21.618128
9.220000	3.997426	4.295884	21.204457
9.230000	4.027272	4.524572	20.810744
9.240000	4.077002	4.768857	20.438022
9.250000	4.146187	5.029470	20.087448
9.260000	4.234516	5.307245	19.760327
9.270000	4.341788	5.603083	19.458134
9.280000	4.467918	5.917921	19.182538
9.290000	4.612918	6.252699	18.935424
9.300000	4.776896	6.608314	18.718924
9.310000	4.960038	6.985578	18.535437
9.320000	5.162592	7.385168	18.387659
9.330000	5.384850	7.807562	18.278600
9.340000	5.627121	8.252970	18.211608
9.350000	5.889706	8.721245	18.190382
9.360000	6.172860	9.211790	18.218973
9.370000	6.476753	9.723441	18.301776
9.380000	6.801422	10.254336	18.443504
9.390000	7.146713	10.801771	18.649131
9.400000	7.512219	11.362033	18.923804
9.410000	7.897200	11.930236	19.272723
9.420000	8.300504	12.500144	19.700951
9.430000	8.720468	13.064006	20.213181
9.440000	9.154822	13.612413	20.813418
9.450000	9.600581	14.134207	21.504600
9.460000	10.053943	14.616461	22.288124
9.470000	10.510195	15.044566	23.163320
9.480000	10.963632	15.402464	24.126860
9.490000	11.407515	15.673077	25.172163
9.500000	11.834072	15.838932	26.288830
9.510000	12.234558	15.883044	27.462203
9.520000	12.599406	15.790010	28.673116
9.530000	12.918467	15.547302	29.897966
9.540000	13.181350	15.146640	31.109180
9.550000	13.377879	14.585342	32.276154
9.560000	13.498625	13.867430	33.366688
9.570000	13.535506	13.004327	34.348844
9.580000	13.482388	12.014935	35.193099
9.590000	13.335643	10.924984	35.874540
9.600000	13.094577	9.765614	36.374827
9.610000	12.761681	8.571310	36.683621
9.620000	12.342643	7.377421	36.799259
9.630000	11.846121	6.217585	36.728539
9.640000	11.283268	5.121416	36.485678
9.650000	10.667082	4.112740	36.090614
9.660000	10.011648	3.208580	35.566931
9.670000	9.331341	2.418920	34.939735
9.680000	8.640099	1.747160	34.233750
9.690000	7.950805	1.191087	33.471829
9.700000	7.274833	0.744121	32.673970
9.710000	6.621762	0.396657	31.856820
9.720000	5.999252	0.137301	31.033591
9.730000	5.413057	-0.046065	30.214287
9.740000	4.867144	-0.165465	29.406099
9.750000	4.363883	-0.232247	28.613902
9.760000	3.904270	-0.256715	27.840749
9.770000	3.488172	-0.247930	27.088325
9.780000	3.114562	-0.213650	26.357339
9.790000	2.781740	-0.160352	25.647840
9.800000	2.487531	-0.093317	24.959454
9.810000	2.229446	-0.016750	24.291564
9.820000	2.004827	0.066095	23.643432
9.830000	1.810954	0.152776	23.014281
9.840000	1.645136	0.241537	22.403349
9.850000	1.504776	0.331194	21.809915
9.860000	1.387418	0.421029	21.233316
9.870000	1.290779	0.510701	20.672950
9.880000	1.212771	0.600170	20.128277
9.890000	1.151511	0.689635	19.598815
9.900000	1.105324	0.779479	19.084134
9.910000	1.072739	0.870233	18.583852
9.920000	1.052488	0.962542	18.097631
9.930000	1.043494	1.057138	17.625170
9.940000	1.044858	1.154827	17.166208
9.950000	1.055855	1.256476	16.720520
9.960000	1.075917	1.363007	16.287918
9.970000	1.104626	1.475389	15.868249
9.980000	1.141702	1.594645	15.461404
9.990000	1.186997	1.721852	15.067316
10.000000	1.240482	1.858144	14.685969
